1.000000e+15	6.888516e-02	0.000000e+00	3.877681e-07	0.000000e+00	0.000000e+00	
1.018610e+15	6.888516e-02	0.000000e+00	4.012017e-07	0.000000e+00	0.000000e+00	
1.037567e+15	6.888516e-02	0.000000e+00	4.149994e-07	0.000000e+00	0.000000e+00	
1.056876e+15	6.888516e-02	0.000000e+00	4.291642e-07	0.000000e+00	0.000000e+00	
1.076545e+15	6.888516e-02	0.000000e+00	4.437075e-07	0.000000e+00	0.000000e+00	
1.096579e+15	6.888516e-02	0.000000e+00	4.586255e-07	0.000000e+00	0.000000e+00	
1.116987e+15	6.888516e-02	0.000000e+00	4.739306e-07	0.000000e+00	0.000000e+00	
1.137774e+15	6.888516e-02	0.000000e+00	4.896238e-07	0.000000e+00	0.000000e+00	
1.158948e+15	6.888516e-02	0.000000e+00	5.057180e-07	0.000000e+00	0.000000e+00	
1.180517e+15	6.888516e-02	0.000000e+00	5.222068e-07	0.000000e+00	0.000000e+00	
1.202486e+15	6.888516e-02	0.000000e+00	5.391032e-07	0.000000e+00	0.000000e+00	
1.224865e+15	6.888516e-02	0.000000e+00	5.564150e-07	0.000000e+00	0.000000e+00	
1.247660e+15	6.888516e-02	0.000000e+00	5.741341e-07	0.000000e+00	0.000000e+00	
1.270879e+15	6.888516e-02	0.000000e+00	5.922762e-07	0.000000e+00	0.000000e+00	
1.294530e+15	6.888516e-02	0.000000e+00	6.108386e-07	0.000000e+00	0.000000e+00	
1.318621e+15	6.888516e-02	0.000000e+00	6.298291e-07	0.000000e+00	0.000000e+00	
1.343161e+15	6.888516e-02	0.000000e+00	6.492519e-07	0.000000e+00	0.000000e+00	
1.368158e+15	6.888516e-02	0.000000e+00	6.697774e-07	0.000000e+00	0.000000e+00	
1.393619e+15	6.888516e-02	0.000000e+00	6.894247e-07	0.000000e+00	0.000000e+00	
1.419555e+15	6.888516e-02	0.000000e+00	7.101644e-07	0.000000e+00	0.000000e+00	
1.445973e+15	6.888516e-02	0.000000e+00	7.313498e-07	0.000000e+00	0.000000e+00	
1.472883e+15	6.888516e-02	0.000000e+00	7.529904e-07	0.000000e+00	0.000000e+00	
1.500293e+15	6.888516e-02	0.000000e+00	7.750751e-07	0.000000e+00	0.000000e+00	
1.528214e+15	6.888516e-02	0.000000e+00	7.976136e-07	0.000000e+00	0.000000e+00	
1.556654e+15	6.888516e-02	0.000000e+00	8.206081e-07	0.000000e+00	0.000000e+00	
1.585624e+15	6.888516e-02	0.000000e+00	8.440825e-07	0.000000e+00	0.000000e+00	
1.615133e+15	6.888516e-02	0.000000e+00	8.679919e-07	0.000000e+00	0.000000e+00	
1.645191e+15	6.888516e-02	0.000000e+00	8.923620e-07	0.000000e+00	0.000000e+00	
1.675808e+15	6.888516e-02	0.000000e+00	9.171932e-07	0.000000e+00	0.000000e+00	
1.706995e+15	6.888516e-02	0.000000e+00	9.424966e-07	0.000000e+00	0.000000e+00	
1.738762e+15	6.888516e-02	0.000000e+00	9.682505e-07	0.000000e+00	0.000000e+00	
1.771121e+15	6.888516e-02	0.000000e+00	9.944621e-07	0.000000e+00	0.000000e+00	
1.804082e+15	6.888516e-02	0.000000e+00	1.021139e-06	0.000000e+00	0.000000e+00	
1.837656e+15	6.888516e-02	0.000000e+00	1.048279e-06	0.000000e+00	0.000000e+00	
1.871855e+15	6.888516e-02	0.000000e+00	1.075905e-06	0.000000e+00	0.000000e+00	
1.906691e+15	6.888516e-02	0.000000e+00	1.103959e-06	0.000000e+00	0.000000e+00	
1.942175e+15	6.888516e-02	0.000000e+00	1.132481e-06	0.000000e+00	0.000000e+00	
1.978319e+15	6.888516e-02	0.000000e+00	1.161445e-06	0.000000e+00	0.000000e+00	
2.015136e+15	6.888516e-02	0.000000e+00	1.190861e-06	0.000000e+00	0.000000e+00	
2.052638e+15	6.888516e-02	0.000000e+00	1.220726e-06	0.000000e+00	0.000000e+00	
2.090838e+15	6.888516e-02	0.000000e+00	1.251079e-06	0.000000e+00	0.000000e+00	
2.129749e+15	6.888516e-02	0.000000e+00	1.281830e-06	0.000000e+00	0.000000e+00	
2.169384e+15	6.888516e-02	0.000000e+00	1.313020e-06	0.000000e+00	0.000000e+00	
2.209756e+15	6.888516e-02	0.000000e+00	1.344646e-06	0.000000e+00	0.000000e+00	
2.250880e+15	6.888516e-02	0.000000e+00	1.376723e-06	0.000000e+00	0.000000e+00	
2.292769e+15	6.888516e-02	0.000000e+00	1.409204e-06	0.000000e+00	0.000000e+00	
2.335438e+15	6.888516e-02	0.000000e+00	1.442106e-06	0.000000e+00	0.000000e+00	
2.378901e+15	6.888516e-02	0.000000e+00	1.475423e-06	0.000000e+00	0.000000e+00	
2.423173e+15	6.888516e-02	0.000000e+00	1.509207e-06	0.000000e+00	0.000000e+00	
2.468268e+15	6.888516e-02	0.000000e+00	1.543334e-06	0.000000e+00	0.000000e+00	
2.514203e+15	6.888516e-02	0.000000e+00	1.577859e-06	0.000000e+00	0.000000e+00	
2.560993e+15	6.888516e-02	0.000000e+00	1.612776e-06	0.000000e+00	0.000000e+00	
2.608654e+15	6.888516e-02	0.000000e+00	1.648090e-06	0.000000e+00	0.000000e+00	
2.657201e+15	6.888516e-02	0.000000e+00	1.683768e-06	0.000000e+00	0.000000e+00	
2.706652e+15	6.888516e-02	0.000000e+00	1.719852e-06	0.000000e+00	0.000000e+00	
2.757023e+15	6.888516e-02	0.000000e+00	1.756262e-06	0.000000e+00	0.000000e+00	
2.808332e+15	6.888516e-02	0.000000e+00	1.793085e-06	0.000000e+00	0.000000e+00	
2.860596e+15	6.888516e-02	0.000000e+00	1.830195e-06	0.000000e+00	0.000000e+00	
2.913832e+15	6.888516e-02	0.000000e+00	1.867648e-06	0.000000e+00	0.000000e+00	
2.968059e+15	6.888516e-02	0.000000e+00	1.905432e-06	0.000000e+00	0.000000e+00	
3.023295e+15	6.888516e-02	0.000000e+00	1.943578e-06	0.000000e+00	0.000000e+00	
3.079559e+15	6.888516e-02	0.000000e+00	1.982000e-06	0.000000e+00	0.000000e+00	
3.136870e+15	6.888516e-02	0.000000e+00	2.020731e-06	0.000000e+00	0.000000e+00	
3.195248e+15	6.888516e-02	0.000000e+00	2.059870e-06	0.000000e+00	0.000000e+00	
3.254712e+15	6.888516e-02	0.000000e+00	2.099180e-06	0.000000e+00	0.000000e+00	
3.315282e+15	6.888516e-02	0.000000e+00	2.138774e-06	0.000000e+00	0.000000e+00	
3.376980e+15	6.888516e-02	0.000000e+00	2.178644e-06	0.000000e+00	0.000000e+00	
3.439826e+15	6.888516e-02	0.000000e+00	2.218798e-06	0.000000e+00	0.000000e+00	
3.503842e+15	6.888516e-02	0.000000e+00	2.259188e-06	0.000000e+00	0.000000e+00	
3.569049e+15	6.888516e-02	0.000000e+00	2.299893e-06	0.000000e+00	0.000000e+00	
3.635470e+15	6.888516e-02	0.000000e+00	2.340767e-06	0.000000e+00	0.000000e+00	
3.703127e+15	6.888516e-02	0.000000e+00	2.381982e-06	0.000000e+00	0.000000e+00	
3.772042e+15	6.888516e-02	0.000000e+00	2.423310e-06	0.000000e+00	0.000000e+00	
3.842241e+15	6.888516e-02	0.000000e+00	2.464858e-06	0.000000e+00	0.000000e+00	
3.913746e+15	6.888516e-02	0.000000e+00	2.506617e-06	0.000000e+00	0.000000e+00	
3.986581e+15	6.888516e-02	0.000000e+00	2.548645e-06	0.000000e+00	0.000000e+00	
4.060772e+15	6.888516e-02	0.000000e+00	2.590800e-06	0.000000e+00	0.000000e+00	
4.136344e+15	6.888516e-02	0.000000e+00	2.633147e-06	0.000000e+00	0.000000e+00	
4.213322e+15	6.888516e-02	0.000000e+00	2.675680e-06	0.000000e+00	0.000000e+00	
4.291732e+15	6.888516e-02	0.000000e+00	2.718556e-06	0.000000e+00	0.000000e+00	
4.371602e+15	6.888516e-02	0.000000e+00	2.761426e-06	0.000000e+00	0.000000e+00	
4.452959e+15	6.888516e-02	0.000000e+00	2.804467e-06	0.000000e+00	0.000000e+00	
4.535829e+15	6.888516e-02	0.000000e+00	2.847674e-06	0.000000e+00	0.000000e+00	
4.620241e+15	6.888516e-02	0.000000e+00	2.891068e-06	0.000000e+00	0.000000e+00	
4.706225e+15	6.888516e-02	0.000000e+00	2.934588e-06	0.000000e+00	0.000000e+00	
4.793808e+15	6.888516e-02	0.000000e+00	2.978357e-06	0.000000e+00	0.000000e+00	
4.883022e+15	6.888516e-02	0.000000e+00	3.022491e-06	0.000000e+00	0.000000e+00	
4.973896e+15	6.888516e-02	0.000000e+00	3.066448e-06	0.000000e+00	0.000000e+00	
5.066461e+15	6.888516e-02	0.000000e+00	3.110551e-06	0.000000e+00	0.000000e+00	
5.160749e+15	6.888516e-02	0.000000e+00	3.154802e-06	0.000000e+00	0.000000e+00	
5.256791e+15	6.888516e-02	0.000000e+00	3.199167e-06	0.000000e+00	0.000000e+00	
5.354621e+15	6.888516e-02	0.000000e+00	3.243714e-06	0.000000e+00	0.000000e+00	
5.454271e+15	6.888516e-02	0.000000e+00	3.288411e-06	0.000000e+00	0.000000e+00	
5.555776e+15	6.888516e-02	0.000000e+00	3.333261e-06	0.000000e+00	0.000000e+00	
5.659170e+15	6.888516e-02	0.000000e+00	3.378510e-06	0.000000e+00	0.000000e+00	
5.764488e+15	6.888516e-02	0.000000e+00	3.423645e-06	0.000000e+00	0.000000e+00	
5.871766e+15	6.888516e-02	0.000000e+00	3.468942e-06	0.000000e+00	0.000000e+00	
5.981041e+15	6.888516e-02	0.000000e+00	3.514405e-06	0.000000e+00	0.000000e+00	
6.092349e+15	6.888516e-02	0.000000e+00	3.560082e-06	0.000000e+00	0.000000e+00	
6.205729e+15	6.888516e-02	0.000000e+00	3.606414e-06	0.000000e+00	0.000000e+00	
6.321218e+15	6.888516e-02	0.000000e+00	3.652393e-06	0.000000e+00	0.000000e+00	
6.438857e+15	6.888516e-02	0.000000e+00	3.698563e-06	0.000000e+00	1.454455e-71	
6.558686e+15	6.888516e-02	0.000000e+00	3.744926e-06	0.000000e+00	2.797279e-39	
6.680744e+15	6.888516e-02	0.000000e+00	3.791491e-06	0.000000e+00	1.685944e-13	
6.805074e+15	6.888516e-02	0.000000e+00	3.838265e-06	0.000000e+00	5.229023e-12	
6.931717e+15	6.888516e-02	0.000000e+00	3.885258e-06	0.000000e+00	2.253053e-11	
7.060718e+15	6.888516e-02	0.000000e+00	3.932333e-06	0.000000e+00	5.859252e-11	
7.192119e+15	6.888516e-02	0.000000e+00	3.979775e-06	0.000000e+00	1.201464e-10	
7.325965e+15	6.888516e-02	0.000000e+00	4.027472e-06	0.000000e+00	2.147192e-10	
7.462303e+15	6.888516e-02	0.000000e+00	4.075435e-06	0.000000e+00	3.501909e-10	
7.601178e+15	6.888516e-02	0.000000e+00	4.123985e-06	0.000000e+00	5.355648e-10	
7.742637e+15	6.888516e-02	0.000000e+00	4.172487e-06	0.000000e+00	7.803287e-10	
7.886729e+15	6.888516e-02	0.000000e+00	4.221295e-06	0.000000e+00	1.095300e-09	
8.033502e+15	6.888516e-02	0.000000e+00	4.270422e-06	0.000000e+00	1.492016e-09	
8.183007e+15	6.888516e-02	0.000000e+00	4.319945e-06	0.000000e+00	1.983510e-09	
8.335294e+15	6.888516e-02	0.000000e+00	4.369746e-06	0.000000e+00	2.585034e-09	
8.490415e+15	6.888516e-02	0.000000e+00	4.420076e-06	0.000000e+00	3.311330e-09	
8.648423e+15	6.888516e-02	0.000000e+00	4.470873e-06	0.000000e+00	4.179049e-09	
8.809372e+15	6.888516e-02	0.000000e+00	4.521779e-06	0.000000e+00	5.208400e-09	
8.973316e+15	6.888516e-02	0.000000e+00	4.573104e-06	0.000000e+00	6.420094e-09	
9.140311e+15	6.888516e-02	0.000000e+00	4.624865e-06	0.000000e+00	7.832558e-09	
9.310413e+15	6.888516e-02	0.000000e+00	4.677239e-06	0.000000e+00	9.470964e-09	
9.483682e+15	6.888516e-02	0.000000e+00	4.729905e-06	0.000000e+00	1.136387e-08	
9.660175e+15	6.888516e-02	0.000000e+00	4.783061e-06	0.000000e+00	1.353175e-08	
9.839952e+15	6.888516e-02	0.000000e+00	4.836727e-06	0.000000e+00	1.600695e-08	
1.002308e+16	6.888516e-02	0.000000e+00	4.891320e-06	0.000000e+00	1.881673e-08	
1.020961e+16	6.888516e-02	0.000000e+00	4.946025e-06	0.000000e+00	2.199452e-08	
1.039961e+16	6.888516e-02	0.000000e+00	5.001304e-06	0.000000e+00	2.557883e-08	
1.059315e+16	6.888516e-02	0.000000e+00	5.057178e-06	0.000000e+00	2.960863e-08	
1.079029e+16	6.888516e-02	0.000000e+00	5.113801e-06	0.000000e+00	3.411449e-08	
1.099110e+16	6.888516e-02	0.000000e+00	5.170913e-06	0.000000e+00	3.914404e-08	
1.119564e+16	6.888516e-02	0.000000e+00	5.228686e-06	0.000000e+00	4.474748e-08	
1.140400e+16	6.888516e-02	0.000000e+00	5.287144e-06	0.000000e+00	5.098614e-08	
1.161623e+16	6.888516e-02	0.000000e+00	5.346719e-06	0.000000e+00	5.789208e-08	
1.183241e+16	6.888516e-02	0.000000e+00	5.406578e-06	0.000000e+00	6.553673e-08	
1.205261e+16	6.888516e-02	0.000000e+00	5.467198e-06	0.000000e+00	7.396437e-08	
1.227691e+16	6.888516e-02	0.000000e+00	5.528604e-06	0.000000e+00	8.326969e-08	
1.250539e+16	6.888516e-02	0.000000e+00	5.590991e-06	0.000000e+00	9.351847e-08	
1.273811e+16	6.888516e-02	0.000000e+00	5.654028e-06	0.000000e+00	1.047618e-07	
1.297517e+16	6.888516e-02	0.000000e+00	5.717933e-06	0.000000e+00	1.171135e-07	
1.321664e+16	6.888516e-02	0.000000e+00	5.782734e-06	0.000000e+00	1.306188e-07	
1.346261e+16	6.888516e-02	0.000000e+00	5.848552e-06	0.000000e+00	1.453762e-07	
1.371315e+16	6.888516e-02	0.000000e+00	5.915508e-06	0.000000e+00	1.615110e-07	
1.396835e+16	6.888516e-02	0.000000e+00	5.983146e-06	0.000000e+00	1.790921e-07	
1.422830e+16	6.888516e-02	0.000000e+00	6.051952e-06	0.000000e+00	1.982244e-07	
1.449310e+16	6.888516e-02	0.000000e+00	6.121658e-06	0.000000e+00	2.190098e-07	
1.476281e+16	6.888516e-02	0.000000e+00	6.192462e-06	0.000000e+00	2.414767e-07	
1.503755e+16	6.888516e-02	0.000000e+00	6.264402e-06	0.000000e+00	2.657547e-07	
1.531740e+16	6.888516e-02	0.000000e+00	6.337937e-06	0.000000e+00	2.918799e-07	
1.560246e+16	6.888516e-02	0.000000e+00	6.412228e-06	0.000000e+00	3.200424e-07	
1.589283e+16	6.888516e-02	0.000000e+00	6.487783e-06	0.000000e+00	3.502825e-07	
1.618860e+16	6.888516e-02	0.000000e+00	6.564644e-06	0.000000e+00	3.826993e-07	
1.648987e+16	6.888516e-02	0.000000e+00	6.643024e-06	0.000000e+00	4.174418e-07	
1.679675e+16	6.888516e-02	0.000000e+00	6.722621e-06	0.000000e+00	4.544198e-07	
1.710934e+16	6.888516e-02	0.000000e+00	6.803673e-06	0.000000e+00	4.938285e-07	
1.742775e+16	6.888516e-02	0.000000e+00	6.886235e-06	0.000000e+00	5.357499e-07	
1.775208e+16	6.888516e-02	0.000000e+00	6.970359e-06	0.000000e+00	5.803100e-07	
1.808245e+16	6.888516e-02	0.000000e+00	7.056091e-06	0.000000e+00	6.275539e-07	
1.841897e+16	6.888516e-02	0.000000e+00	7.143700e-06	0.000000e+00	6.776783e-07	
1.876175e+16	6.888516e-02	0.000000e+00	7.233053e-06	0.000000e+00	7.304776e-07	
1.911091e+16	6.888516e-02	0.000000e+00	7.324172e-06	0.000000e+00	7.863738e-07	
1.946656e+16	6.888516e-02	0.000000e+00	7.417187e-06	0.000000e+00	8.453459e-07	
1.982884e+16	6.888516e-02	0.000000e+00	7.511945e-06	0.000000e+00	9.073929e-07	
2.019786e+16	6.888516e-02	0.000000e+00	7.608895e-06	0.000000e+00	9.727229e-07	
2.057374e+16	6.888516e-02	0.000000e+00	7.708341e-06	0.000000e+00	1.041377e-06	
2.095662e+16	6.888516e-02	0.000000e+00	7.809666e-06	0.000000e+00	1.113471e-06	
2.134663e+16	6.888516e-02	0.000000e+00	7.913337e-06	0.000000e+00	1.189013e-06	
2.174389e+16	6.888516e-02	0.000000e+00	8.019450e-06	0.000000e+00	1.268333e-06	
2.214855e+16	6.888516e-02	0.000000e+00	8.128246e-06	0.000000e+00	1.351288e-06	
2.256074e+16	6.888516e-02	0.000000e+00	8.239559e-06	0.000000e+00	1.438202e-06	
2.298060e+16	6.888516e-02	0.000000e+00	8.353657e-06	0.000000e+00	1.529030e-06	
2.340827e+16	6.888516e-02	0.000000e+00	8.470999e-06	0.000000e+00	1.623942e-06	
2.384390e+16	6.888516e-02	0.000000e+00	8.591018e-06	0.000000e+00	1.723376e-06	
2.428764e+16	6.888516e-02	0.000000e+00	8.713637e-06	0.000000e+00	1.826942e-06	
2.473964e+16	6.888516e-02	0.000000e+00	8.840193e-06	0.000000e+00	1.935324e-06	
2.520005e+16	6.888516e-02	0.000000e+00	8.970848e-06	0.000000e+00	2.048247e-06	
2.566903e+16	6.888516e-02	0.000000e+00	9.104472e-06	0.000000e+00	2.166071e-06	
2.614673e+16	6.888516e-02	0.000000e+00	9.241909e-06	0.000000e+00	2.288929e-06	
2.663333e+16	6.888516e-02	0.000000e+00	9.383340e-06	0.000000e+00	2.417145e-06	
2.712898e+16	6.888516e-02	0.000000e+00	9.529257e-06	0.000000e+00	2.550580e-06	
2.763385e+16	6.888516e-02	0.000000e+00	9.679223e-06	0.000000e+00	2.689730e-06	
2.814812e+16	6.888516e-02	0.000000e+00	9.833774e-06	0.000000e+00	2.833038e-06	
2.867196e+16	6.888516e-02	0.000000e+00	9.992773e-06	0.000000e+00	2.985591e-06	
2.920556e+16	6.888516e-02	0.000000e+00	1.015717e-05	0.000000e+00	3.142890e-06	
2.974908e+16	6.888516e-02	0.000000e+00	1.032675e-05	0.000000e+00	3.306932e-06	
3.030271e+16	6.888516e-02	0.000000e+00	1.050198e-05	0.000000e+00	3.477203e-06	
3.086665e+16	6.888516e-02	0.000000e+00	1.068281e-05	0.000000e+00	3.654402e-06	
3.144108e+16	6.888516e-02	0.000000e+00	1.086973e-05	0.000000e+00	3.839214e-06	
3.202621e+16	6.888516e-02	0.000000e+00	1.106290e-05	0.000000e+00	4.030795e-06	
3.262222e+16	6.888516e-02	0.000000e+00	1.126284e-05	0.000000e+00	4.226620e-06	
3.322933e+16	6.888516e-02	0.000000e+00	1.146993e-05	0.000000e+00	4.438834e-06	
3.384773e+16	6.888516e-02	0.000000e+00	1.168395e-05	0.000000e+00	4.654559e-06	
3.447764e+16	6.888516e-02	0.000000e+00	1.190544e-05	0.000000e+00	4.879218e-06	
3.511928e+16	6.888516e-02	0.000000e+00	1.213487e-05	0.000000e+00	5.112680e-06	
3.577285e+16	6.888516e-02	0.000000e+00	1.237240e-05	0.000000e+00	5.355258e-06	
3.643859e+16	6.888516e-02	0.000000e+00	1.261886e-05	0.000000e+00	5.608096e-06	
3.711672e+16	6.888516e-02	0.000000e+00	1.287452e-05	0.000000e+00	5.869878e-06	
3.780747e+16	6.888516e-02	0.000000e+00	1.313948e-05	0.000000e+00	6.143075e-06	
3.851107e+16	6.888516e-02	0.000000e+00	1.341443e-05	0.000000e+00	6.426409e-06	
3.922777e+16	6.888516e-02	0.000000e+00	1.369966e-05	0.000000e+00	6.721112e-06	
3.995780e+16	6.888516e-02	0.000000e+00	1.399619e-05	0.000000e+00	7.027731e-06	
4.070142e+16	6.888516e-02	0.000000e+00	1.430355e-05	0.000000e+00	7.346192e-06	
4.145888e+16	6.888516e-02	0.000000e+00	1.462313e-05	0.000000e+00	7.673300e-06	
4.223044e+16	6.888516e-02	0.000000e+00	1.495458e-05	0.000000e+00	8.022033e-06	
4.301636e+16	6.888516e-02	0.000000e+00	1.529887e-05	0.000000e+00	8.380510e-06	
4.381690e+16	6.888516e-02	0.000000e+00	1.565655e-05	0.000000e+00	8.752004e-06	
4.463234e+16	6.888516e-02	0.000000e+00	1.602784e-05	0.000000e+00	9.140957e-06	
4.546295e+16	6.888516e-02	0.000000e+00	1.641403e-05	0.000000e+00	9.544464e-06	
4.630903e+16	6.888516e-02	0.000000e+00	1.681563e-05	0.000000e+00	9.963910e-06	
4.717085e+16	6.888516e-02	0.000000e+00	1.723276e-05	0.000000e+00	1.040066e-05	
4.804870e+16	6.888516e-02	0.000000e+00	1.766705e-05	0.000000e+00	1.085527e-05	
4.894290e+16	6.888516e-02	0.000000e+00	1.811773e-05	0.000000e+00	1.132789e-05	
4.985373e+16	6.888516e-02	0.000000e+00	1.858622e-05	0.000000e+00	1.181880e-05	
5.078152e+16	6.888516e-02	0.000000e+00	1.907319e-05	0.000000e+00	1.233078e-05	
5.172657e+16	6.888516e-02	0.000000e+00	1.957960e-05	0.000000e+00	1.286293e-05	
5.268921e+16	6.888516e-02	0.000000e+00	2.010569e-05	0.000000e+00	1.341596e-05	
5.366977e+16	6.888516e-02	0.000000e+00	2.065217e-05	0.000000e+00	1.398778e-05	
5.466857e+16	6.888516e-02	0.000000e+00	2.122045e-05	0.000000e+00	1.458899e-05	
5.568596e+16	6.888516e-02	0.000000e+00	2.181115e-05	0.000000e+00	1.520660e-05	
5.672229e+16	6.888516e-02	0.000000e+00	2.242485e-05	0.000000e+00	1.585464e-05	
5.777790e+16	6.888516e-02	0.000000e+00	2.306340e-05	0.000000e+00	1.652381e-05	
5.885316e+16	6.888516e-02	0.000000e+00	2.372582e-05	0.000000e+00	1.722120e-05	
5.994843e+16	6.888516e-02	0.000000e+00	2.441412e-05	0.000000e+00	1.794310e-05	
6.106408e+16	6.888516e-02	0.000000e+00	2.512874e-05	0.000000e+00	1.869224e-05	
6.220049e+16	6.888516e-02	0.000000e+00	2.587079e-05	0.000000e+00	1.946869e-05	
6.335805e+16	6.888516e-02	0.000000e+00	2.664147e-05	0.000000e+00	2.027323e-05	
6.453715e+16	6.888516e-02	0.000000e+00	2.744135e-05	0.000000e+00	2.110861e-05	
6.573820e+16	6.888516e-02	0.000000e+00	2.827195e-05	0.000000e+00	2.196832e-05	
6.696160e+16	6.888516e-02	0.000000e+00	2.913333e-05	0.000000e+00	2.286656e-05	
6.820777e+16	6.888516e-02	0.000000e+00	3.002716e-05	0.000000e+00	2.379114e-05	
6.947713e+16	6.888516e-02	0.000000e+00	3.095401e-05	0.000000e+00	2.474968e-05	
7.077011e+16	6.888516e-02	0.000000e+00	3.191555e-05	0.000000e+00	2.573902e-05	
7.208715e+16	6.888516e-02	0.000000e+00	3.291184e-05	0.000000e+00	2.676095e-05	
7.342870e+16	6.888516e-02	0.000000e+00	3.394557e-05	0.000000e+00	2.781676e-05	
7.479523e+16	6.888516e-02	0.000000e+00	3.501541e-05	0.000000e+00	2.890437e-05	
7.618718e+16	6.888516e-02	0.000000e+00	3.612359e-05	0.000000e+00	3.002879e-05	
7.760503e+16	6.888516e-02	0.000000e+00	3.727112e-05	0.000000e+00	3.118565e-05	
7.904928e+16	6.888516e-02	0.000000e+00	3.845881e-05	0.000000e+00	3.237022e-05	
8.052040e+16	6.888516e-02	0.000000e+00	3.968824e-05	0.000000e+00	3.360955e-05	
8.201889e+16	6.888516e-02	4.789744e-14	4.096073e-05	0.000000e+00	3.487116e-05	
8.354528e+16	6.888516e-02	7.794364e-14	4.227625e-05	0.000000e+00	3.617295e-05	
8.510007e+16	6.888516e-02	1.257791e-13	4.364019e-05	0.000000e+00	3.751063e-05	
8.668380e+16	6.888516e-02	2.013083e-13	4.504329e-05	0.000000e+00	3.888583e-05	
8.829700e+16	6.888516e-02	3.195719e-13	4.649591e-05	0.000000e+00	4.029555e-05	
8.994022e+16	6.888516e-02	5.033889e-13	4.799628e-05	0.000000e+00	4.174454e-05	
9.161402e+16	6.888516e-02	7.867142e-13	4.954592e-05	0.000000e+00	4.323408e-05	
9.331898e+16	6.888516e-02	1.220127e-12	5.114486e-05	0.000000e+00	4.475927e-05	
9.505566e+16	6.888516e-02	1.878154e-12	5.279464e-05	0.000000e+00	4.632302e-05	
9.682466e+16	6.888516e-02	2.869791e-12	5.449604e-05	0.000000e+00	4.792451e-05	
9.862658e+16	6.888516e-02	4.353344e-12	5.625062e-05	0.000000e+00	4.956459e-05	
1.004620e+17	6.888516e-02	6.556962e-12	5.805943e-05	0.000000e+00	5.124810e-05	
1.023317e+17	6.888516e-02	9.807297e-12	5.992224e-05	0.000000e+00	5.296741e-05	
1.042361e+17	6.888516e-02	1.456839e-11	6.184175e-05	0.000000e+00	5.472844e-05	
1.061759e+17	6.888516e-02	2.149553e-11	6.381668e-05	0.000000e+00	5.652787e-05	
1.081519e+17	6.888516e-02	3.150704e-11	6.584904e-05	0.000000e+00	5.836868e-05	
1.101646e+17	6.888516e-02	4.588234e-11	6.793970e-05	0.000000e+00	6.025017e-05	
1.122148e+17	6.888516e-02	6.639076e-11	7.009094e-05	0.000000e+00	6.217269e-05	
1.143031e+17	6.888516e-02	9.546579e-11	7.230053e-05	0.000000e+00	6.413700e-05	
1.164303e+17	6.888516e-02	1.364305e-10	7.457084e-05	0.000000e+00	6.614275e-05	
1.185971e+17	6.888516e-02	1.937983e-10	7.690253e-05	0.000000e+00	6.819137e-05	
1.208042e+17	6.888516e-02	2.736567e-10	7.929693e-05	0.000000e+00	7.028104e-05	
1.230524e+17	6.888516e-02	3.841754e-10	8.175333e-05	0.000000e+00	7.241630e-05	
1.253424e+17	6.888516e-02	5.362447e-10	8.427308e-05	0.000000e+00	7.458766e-05	
1.276751e+17	6.888516e-02	7.443086e-10	8.685674e-05	0.000000e+00	7.681194e-05	
1.300511e+17	6.888516e-02	1.027403e-09	8.950651e-05	0.000000e+00	7.907542e-05	
1.324714e+17	6.888516e-02	1.410494e-09	9.221938e-05	0.000000e+00	8.137801e-05	
1.349367e+17	6.888516e-02	1.926133e-09	9.499761e-05	0.000000e+00	8.372734e-05	
1.374479e+17	6.888516e-02	2.616475e-09	9.784156e-05	0.000000e+00	8.611937e-05	
1.400058e+17	6.888516e-02	3.536125e-09	1.007522e-04	0.000000e+00	8.855867e-05	
1.426114e+17	6.888516e-02	4.754853e-09	1.037285e-04	0.000000e+00	9.104030e-05	
1.452654e+17	6.888516e-02	6.361949e-09	1.067714e-04	0.000000e+00	9.357063e-05	
1.479688e+17	6.888516e-02	8.470831e-09	1.098811e-04	0.000000e+00	9.613636e-05	
1.507225e+17	6.888516e-02	1.122487e-08	1.130599e-04	0.000000e+00	9.875347e-05	
1.535275e+17	6.888516e-02	1.480449e-08	1.163034e-04	0.000000e+00	1.014127e-04	
1.563847e+17	6.888516e-02	1.943561e-08	1.196139e-04	0.000000e+00	1.041119e-04	
1.592950e+17	6.888516e-02	2.539968e-08	1.229939e-04	0.000000e+00	1.068656e-04	
1.622595e+17	6.888516e-02	3.304670e-08	1.264397e-04	0.000000e+00	1.096444e-04	
1.652792e+17	6.888516e-02	4.280772e-08	1.299501e-04	0.000000e+00	1.124785e-04	
1.683551e+17	6.888516e-02	5.521371e-08	1.335253e-04	0.000000e+00	1.153501e-04	
1.714882e+17	6.888516e-02	7.091468e-08	1.371720e-04	0.000000e+00	1.182598e-04	
1.746796e+17	6.888516e-02	9.070295e-08	1.408814e-04	0.000000e+00	1.212283e-04	
1.779304e+17	6.888516e-02	1.155408e-07	1.446562e-04	0.000000e+00	1.242173e-04	
1.812418e+17	6.888516e-02	1.465907e-07	1.484961e-04	0.000000e+00	1.272482e-04	
1.846147e+17	6.888516e-02	1.852546e-07	1.524017e-04	0.000000e+00	1.303212e-04	
1.880504e+17	6.888516e-02	2.332128e-07	1.563699e-04	0.000000e+00	1.334295e-04	
1.915501e+17	6.888516e-02	2.924719e-07	1.604014e-04	0.000000e+00	1.365822e-04	
1.951148e+17	6.888516e-02	3.654213e-07	1.644956e-04	0.000000e+00	1.397629e-04	
1.987460e+17	6.888516e-02	4.548941e-07	1.686557e-04	0.000000e+00	1.429844e-04	
2.024447e+17	6.888516e-02	5.642383e-07	1.728723e-04	0.000000e+00	1.462336e-04	
2.062122e+17	6.888516e-02	6.974062e-07	1.771492e-04	0.000000e+00	1.495134e-04	
2.100498e+17	6.888516e-02	8.589685e-07	1.814853e-04	0.000000e+00	1.528361e-04	
2.139589e+17	6.888516e-02	1.054376e-06	1.858817e-04	0.000000e+00	1.561840e-04	
2.179407e+17	6.888516e-02	1.289897e-06	1.903330e-04	0.000000e+00	1.595611e-04	
2.219966e+17	6.888516e-02	1.572825e-06	1.948404e-04	0.000000e+00	1.629642e-04	
2.261280e+17	6.888516e-02	1.911593e-06	1.994028e-04	0.000000e+00	1.663810e-04	
2.303363e+17	6.888516e-02	2.315945e-06	2.040244e-04	0.000000e+00	1.698321e-04	
2.346229e+17	6.888516e-02	2.797055e-06	2.086923e-04	0.000000e+00	1.733147e-04	
2.389893e+17	6.888516e-02	3.367731e-06	2.134114e-04	0.000000e+00	1.768106e-04	
2.434369e+17	6.888516e-02	4.042586e-06	2.181802e-04	0.000000e+00	1.803207e-04	
2.479673e+17	6.888516e-02	4.838295e-06	2.229996e-04	0.000000e+00	1.838528e-04	
2.525820e+17	6.888516e-02	5.773735e-06	2.278634e-04	0.000000e+00	1.873905e-04	
2.572826e+17	6.888516e-02	6.870289e-06	2.327726e-04	0.000000e+00	1.909540e-04	
2.620707e+17	6.888516e-02	8.152058e-06	2.377256e-04	0.000000e+00	1.945240e-04	
2.669478e+17	6.888516e-02	9.646219e-06	2.427283e-04	0.000000e+00	1.980875e-04	
2.719158e+17	6.888516e-02	1.138319e-05	2.477633e-04	0.000000e+00	2.016677e-04	
2.769762e+17	6.888516e-02	1.339701e-05	2.528373e-04	0.000000e+00	2.051244e-04	
2.821308e+17	6.888516e-02	1.572567e-05	2.579526e-04	0.000000e+00	2.087726e-04	
2.873813e+17	6.888516e-02	1.841145e-05	2.630988e-04	0.000000e+00	2.124533e-04	
2.927295e+17	6.888516e-02	2.150122e-05	2.682787e-04	0.000000e+00	2.160458e-04	
2.981772e+17	6.888516e-02	2.504686e-05	2.734905e-04	0.000000e+00	2.196348e-04	
3.037264e+17	6.888516e-02	2.910575e-05	2.787436e-04	0.000000e+00	2.232109e-04	
3.093788e+17	6.888516e-02	3.374061e-05	2.840124e-04	0.000000e+00	2.267875e-04	
3.151363e+17	6.888516e-02	3.902105e-05	2.893075e-04	0.000000e+00	2.303291e-04	
3.210011e+17	6.888516e-02	4.502278e-05	2.946270e-04	0.000000e+00	2.338527e-04	
3.269750e+17	6.888516e-02	5.182870e-05	2.999733e-04	0.000000e+00	2.374227e-04	
3.330600e+17	6.888516e-02	5.952919e-05	3.053353e-04	0.000000e+00	2.409473e-04	
3.392583e+17	6.888516e-02	6.822266e-05	3.107157e-04	0.000000e+00	2.444523e-04	
3.455720e+17	6.888516e-02	7.801560e-05	3.161126e-04	0.000000e+00	2.479343e-04	
3.520031e+17	6.888516e-02	8.902354e-05	3.215391e-04	0.000000e+00	2.513824e-04	
3.585540e+17	6.888516e-02	1.013713e-04	3.269614e-04	0.000000e+00	2.548225e-04	
3.652267e+17	6.888516e-02	1.151932e-04	3.323943e-04	0.000000e+00	2.582478e-04	
3.720237e+17	6.888516e-02	1.306339e-04	3.378357e-04	0.000000e+00	2.616273e-04	
3.789471e+17	6.888516e-02	1.478485e-04	3.432908e-04	0.000000e+00	2.650015e-04	
3.859994e+17	6.888516e-02	1.670031e-04	3.487422e-04	0.000000e+00	2.683411e-04	
3.931829e+17	6.888516e-02	1.882740e-04	3.541960e-04	0.000000e+00	2.716538e-04	
4.005001e+17	6.888516e-02	2.118536e-04	3.596500e-04	0.000000e+00	2.748920e-04	
4.079535e+17	6.888516e-02	2.379418e-04	3.651221e-04	0.000000e+00	2.781488e-04	
4.155455e+17	6.888516e-02	2.667507e-04	3.705686e-04	0.000000e+00	2.814167e-04	
4.232789e+17	6.888516e-02	2.985089e-04	3.760095e-04	0.000000e+00	2.846119e-04	
4.311562e+17	6.888516e-02	3.334555e-04	3.814509e-04	0.000000e+00	2.877839e-04	
4.391801e+17	6.888516e-02	3.718439e-04	3.868733e-04	0.000000e+00	2.909146e-04	
4.473533e+17	6.888516e-02	4.139408e-04	3.922840e-04	0.000000e+00	2.940279e-04	
4.556786e+17	6.888516e-02	4.600255e-04	3.976808e-04	0.000000e+00	2.971098e-04	
4.641589e+17	6.888516e-02	5.103952e-04	4.030894e-04	0.000000e+00	3.001729e-04	
4.727970e+17	6.888516e-02	5.653567e-04	4.084495e-04	0.000000e+00	3.032017e-04	
4.815958e+17	6.888516e-02	6.252321e-04	4.137900e-04	0.000000e+00	3.062304e-04	
4.905584e+17	6.888516e-02	6.903588e-04	4.191089e-04	0.000000e+00	3.092211e-04	
4.996877e+17	6.888516e-02	7.610878e-04	4.244170e-04	0.000000e+00	3.121864e-04	
5.089870e+17	6.888516e-02	8.377825e-04	4.296852e-04	0.000000e+00	3.151377e-04	
5.184594e+17	6.888516e-02	9.208222e-04	4.349258e-04	0.000000e+00	3.180245e-04	
5.281080e+17	6.888516e-02	1.010601e-03	4.401370e-04	0.000000e+00	3.209725e-04	
5.379362e+17	6.888516e-02	1.107527e-03	4.453506e-04	0.000000e+00	3.238660e-04	
5.479472e+17	6.888516e-02	1.212017e-03	4.504937e-04	0.000000e+00	3.267855e-04	
5.581446e+17	6.888516e-02	1.324504e-03	4.556021e-04	0.000000e+00	3.296787e-04	
5.685318e+17	6.888516e-02	1.445433e-03	4.606738e-04	0.000000e+00	3.325816e-04	
5.791123e+17	6.888516e-02	1.575262e-03	4.657173e-04	0.000000e+00	3.354596e-04	
5.898896e+17	6.888516e-02	1.714458e-03	4.707109e-04	0.000000e+00	3.383440e-04	
6.008676e+17	6.888516e-02	1.863503e-03	4.756605e-04	0.000000e+00	3.412357e-04	
6.120498e+17	6.888516e-02	2.022904e-03	4.805664e-04	0.000000e+00	3.441269e-04	
6.234402e+17	6.888516e-02	2.193123e-03	4.854668e-04	0.000000e+00	3.470077e-04	
6.350425e+17	6.888516e-02	2.374709e-03	4.902763e-04	0.000000e+00	3.499481e-04	
6.468608e+17	6.888516e-02	2.568167e-03	4.950376e-04	0.000000e+00	3.528628e-04	
6.588990e+17	6.888516e-02	2.774027e-03	4.997490e-04	0.000000e+00	3.558151e-04	
6.711612e+17	6.888516e-02	2.992822e-03	5.044270e-04	0.000000e+00	3.587989e-04	
6.836516e+17	6.888516e-02	3.225093e-03	5.090322e-04	0.000000e+00	3.618137e-04	
6.963745e+17	6.888516e-02	3.471388e-03	5.135832e-04	0.000000e+00	3.647709e-04	
7.093341e+17	6.888516e-02	3.732261e-03	5.181286e-04	0.000000e+00	3.678525e-04	
7.225349e+17	6.888516e-02	4.008267e-03	5.225617e-04	0.000000e+00	3.710038e-04	
7.359814e+17	6.888516e-02	4.299962e-03	5.269369e-04	0.000000e+00	3.741455e-04	
7.496782e+17	6.888516e-02	4.607880e-03	5.312529e-04	0.000000e+00	3.774125e-04	
7.636298e+17	6.888516e-02	4.932612e-03	5.355219e-04	0.000000e+00	3.805773e-04	
7.778411e+17	6.888516e-02	5.274787e-03	5.397177e-04	0.000000e+00	3.838875e-04	
7.923169e+17	6.888516e-02	5.634841e-03	5.438466e-04	0.000000e+00	3.872472e-04	
8.070620e+17	6.888516e-02	6.013384e-03	5.479116e-04	0.000000e+00	3.906641e-04	
8.220816e+17	6.888516e-02	6.410971e-03	5.519657e-04	0.000000e+00	3.941625e-04	
8.373807e+17	6.888516e-02	6.828150e-03	5.558938e-04	0.000000e+00	3.977406e-04	
8.529644e+17	6.888516e-02	7.265465e-03	5.597553e-04	0.000000e+00	4.013655e-04	
8.688383e+17	6.888516e-02	7.723454e-03	5.635492e-04	0.000000e+00	4.051078e-04	
8.850075e+17	6.888516e-02	8.202648e-03	5.672980e-04	0.000000e+00	4.089447e-04	
9.014776e+17	6.888516e-02	8.703578e-03	5.709514e-04	0.000000e+00	4.128197e-04	
9.182543e+17	6.888516e-02	9.226749e-03	5.745348e-04	0.000000e+00	4.137322e-04	
9.353432e+17	6.888516e-02	9.772649e-03	5.780472e-04	0.000000e+00	4.209617e-04	
9.527500e+17	6.888516e-02	1.034176e-02	5.815442e-04	0.000000e+00	4.251416e-04	
9.704809e+17	6.888516e-02	1.093457e-02	5.849068e-04	0.000000e+00	4.294526e-04	
9.885417e+17	6.888516e-02	1.155154e-02	5.881970e-04	0.000000e+00	4.339019e-04	
1.006939e+18	6.888516e-02	1.219313e-02	5.911188e-04	0.000000e+00	4.384880e-04	
1.025678e+18	6.888516e-02	1.285979e-02	5.945761e-04	0.000000e+00	4.431973e-04	
1.044766e+18	6.888516e-02	1.355194e-02	5.976430e-04	0.000000e+00	4.480282e-04	
1.064209e+18	6.888516e-02	1.426997e-02	6.006352e-04	0.000000e+00	4.528859e-04	
1.084014e+18	6.888516e-02	1.501424e-02	6.035521e-04	0.000000e+00	4.579824e-04	
1.104188e+18	6.888516e-02	1.578512e-02	6.064492e-04	0.000000e+00	4.631899e-04	
1.124737e+18	6.888516e-02	1.658292e-02	6.092089e-04	0.000000e+00	4.685439e-04	
1.145669e+18	6.888516e-02	1.740801e-02	6.118928e-04	0.000000e+00	4.740291e-04	
1.166990e+18	6.888516e-02	1.826067e-02	6.145262e-04	0.000000e+00	4.796436e-04	
1.188708e+18	6.888516e-02	1.914118e-02	6.170550e-04	0.000000e+00	4.860983e-04	
1.210830e+18	6.888516e-02	2.004981e-02	6.195073e-04	0.000000e+00	4.913179e-04	
1.233363e+18	6.888516e-02	2.098677e-02	6.218829e-04	0.000000e+00	4.973751e-04	
1.256317e+18	6.888516e-02	2.195229e-02	6.242053e-04	0.000000e+00	5.035767e-04	
1.279697e+18	6.888516e-02	2.294656e-02	6.264238e-04	0.000000e+00	5.099357e-04	
1.303512e+18	6.888516e-02	2.396972e-02	6.285950e-04	0.000000e+00	5.164417e-04	
1.327771e+18	6.888516e-02	2.502191e-02	6.306576e-04	0.000000e+00	5.231052e-04	
1.352481e+18	6.888516e-02	2.610326e-02	6.326621e-04	0.000000e+00	5.299261e-04	
1.377651e+18	6.888516e-02	2.721384e-02	6.345694e-04	0.000000e+00	5.368960e-04	
1.403289e+18	6.888516e-02	2.835371e-02	6.364000e-04	0.000000e+00	5.440226e-04	
1.429405e+18	6.888516e-02	2.952292e-02	6.381540e-04	0.000000e+00	5.513216e-04	
1.456006e+18	6.888516e-02	3.072145e-02	6.398841e-04	0.000000e+00	5.587621e-04	
1.483103e+18	6.888516e-02	3.194931e-02	6.414799e-04	0.000000e+00	5.663644e-04	
1.510703e+18	6.888516e-02	3.320644e-02	6.430001e-04	0.000000e+00	5.741283e-04	
1.538818e+18	6.888516e-02	3.449278e-02	6.444448e-04	0.000000e+00	5.820668e-04	
1.567455e+18	6.888516e-02	3.580822e-02	6.458346e-04	0.000000e+00	5.901575e-04	
1.596626e+18	6.888516e-02	3.715264e-02	6.471265e-04	0.000000e+00	5.984268e-04	
1.626340e+18	6.888516e-02	3.852590e-02	6.483437e-04	0.000000e+00	6.067776e-04	
1.656606e+18	6.888516e-02	3.992781e-02	6.494864e-04	0.000000e+00	6.154196e-04	
1.687436e+18	6.888516e-02	4.135819e-02	6.505692e-04	0.000000e+00	6.242884e-04	
1.718839e+18	6.888516e-02	4.281682e-02	6.515612e-04	0.000000e+00	6.332604e-04	
1.750827e+18	6.888516e-02	4.430338e-02	6.525015e-04	0.000000e+00	6.423914e-04	
1.783410e+18	6.888516e-02	4.581768e-02	6.533450e-04	0.000000e+00	6.517243e-04	
1.816600e+18	6.888516e-02	4.735935e-02	6.541365e-04	0.000000e+00	6.612423e-04	
1.850407e+18	6.888516e-02	4.892811e-02	6.548349e-04	0.000000e+00	6.709558e-04	
1.884843e+18	6.888516e-02	5.052360e-02	6.554617e-04	0.000000e+00	6.808678e-04	
1.919921e+18	6.888516e-02	5.214547e-02	6.560589e-04	0.000000e+00	6.909837e-04	
1.955651e+18	6.888516e-02	5.379327e-02	6.565398e-04	0.000000e+00	7.013153e-04	
1.992046e+18	6.888516e-02	5.546661e-02	6.569512e-04	0.000000e+00	7.118757e-04	
2.029118e+18	6.888516e-02	5.716504e-02	6.572933e-04	0.000000e+00	7.226463e-04	
2.066880e+18	6.888516e-02	5.888822e-02	6.575824e-04	0.000000e+00	7.336625e-04	
2.105345e+18	6.888516e-02	6.063543e-02	6.577861e-04	0.000000e+00	7.449321e-04	
2.144526e+18	6.888516e-02	6.240630e-02	6.579223e-04	0.000000e+00	7.564642e-04	
2.184436e+18	6.888516e-02	6.420030e-02	6.579915e-04	0.000000e+00	7.682541e-04	
2.225089e+18	6.888516e-02	6.601695e-02	6.579997e-04	0.000000e+00	7.803543e-04	
2.266498e+18	6.888516e-02	6.785555e-02	6.579349e-04	0.000000e+00	7.927302e-04	
2.308678e+18	6.888516e-02	6.971559e-02	6.578203e-04	0.000000e+00	8.054499e-04	
2.351643e+18	6.888516e-02	7.159649e-02	6.576246e-04	0.000000e+00	8.184740e-04	
2.395407e+18	6.888516e-02	7.349802e-02	6.573849e-04	0.000000e+00	8.318510e-04	
2.439986e+18	6.888516e-02	7.541876e-02	6.570619e-04	0.000000e+00	8.456025e-04	
2.485395e+18	6.888516e-02	7.735848e-02	6.566767e-04	0.000000e+00	8.597077e-04	
2.531648e+18	6.888516e-02	7.931685e-02	6.562298e-04	0.000000e+00	8.741871e-04	
2.578763e+18	6.888516e-02	8.129254e-02	6.557231e-04	0.000000e+00	8.891279e-04	
2.626754e+18	6.888516e-02	8.328520e-02	6.551535e-04	0.000000e+00	9.044888e-04	
2.675638e+18	6.888516e-02	8.529415e-02	6.545360e-04	0.000000e+00	9.200013e-04	
2.725433e+18	6.888516e-02	8.731988e-02	6.538470e-04	0.000000e+00	9.363644e-04	
2.776153e+18	6.888516e-02	8.935916e-02	6.531204e-04	0.000000e+00	9.534866e-04	
2.827818e+18	6.888516e-02	9.141261e-02	6.523159e-04	0.000000e+00	9.708349e-04	
2.880444e+18	6.888516e-02	9.347948e-02	6.514549e-04	0.000000e+00	9.887350e-04	
2.934050e+18	6.888516e-02	9.555964e-02	6.505383e-04	0.000000e+00	1.007337e-03	
2.988653e+18	6.888516e-02	9.765106e-02	6.495624e-04	0.000000e+00	1.026467e-03	
3.044272e+18	6.888516e-02	9.975365e-02	6.485356e-04	0.000000e+00	1.046384e-03	
3.100927e+18	6.888516e-02	1.018667e-01	6.474638e-04	0.000000e+00	1.066942e-03	
3.158635e+18	6.888516e-02	1.039920e-01	6.463491e-04	0.000000e+00	1.088312e-03	
3.217418e+18	6.888516e-02	1.061233e-01	6.451635e-04	0.000000e+00	1.110446e-03	
3.277295e+18	6.888516e-02	1.082627e-01	6.439270e-04	0.000000e+00	1.133393e-03	
3.338286e+18	6.888516e-02	1.104095e-01	6.426402e-04	0.000000e+00	1.157344e-03	
3.400412e+18	6.888516e-02	1.125644e-01	6.412975e-04	0.000000e+00	1.182186e-03	
3.463694e+18	6.888516e-02	1.147233e-01	6.399117e-04	0.000000e+00	1.208031e-03	
3.528154e+18	6.888516e-02	1.168873e-01	6.384849e-04	0.000000e+00	1.234849e-03	
3.593814e+18	6.888516e-02	1.190555e-01	6.370038e-04	0.000000e+00	1.262851e-03	
3.660695e+18	6.888516e-02	1.212322e-01	6.354790e-04	0.000000e+00	1.291980e-03	
3.728821e+18	6.888516e-02	1.234061e-01	6.339061e-04	0.000000e+00	1.322387e-03	
3.798215e+18	6.888516e-02	1.255818e-01	6.322942e-04	0.000000e+00	1.354005e-03	
3.868901e+18	6.888516e-02	1.277587e-01	6.306324e-04	0.000000e+00	1.386985e-03	
3.940902e+18	6.888516e-02	1.299382e-01	6.289294e-04	0.000000e+00	1.421342e-03	
4.014242e+18	6.888516e-02	1.321149e-01	6.271823e-04	0.000000e+00	1.457190e-03	
4.088948e+18	6.888516e-02	1.342904e-01	6.253985e-04	0.000000e+00	1.494567e-03	
4.165044e+18	6.888516e-02	1.364639e-01	6.235690e-04	0.000000e+00	1.533546e-03	
4.242556e+18	6.888516e-02	1.386430e-01	6.217015e-04	0.000000e+00	1.574148e-03	
4.321511e+18	6.888516e-02	1.408096e-01	6.197931e-04	0.000000e+00	1.616539e-03	
4.401935e+18	6.888516e-02	1.429721e-01	6.178503e-04	0.000000e+00	1.661256e-03	
4.483856e+18	6.888516e-02	1.451298e-01	6.158659e-04	0.000000e+00	1.706978e-03	
4.567301e+18	6.888516e-02	1.472861e-01	6.138461e-04	0.000000e+00	1.755133e-03	
4.652300e+18	6.888516e-02	1.494314e-01	6.117892e-04	0.000000e+00	1.805391e-03	
4.738880e+18	6.888516e-02	1.515696e-01	6.097000e-04	0.000000e+00	1.857838e-03	
4.827071e+18	6.888516e-02	1.537001e-01	6.075735e-04	0.000000e+00	1.912555e-03	
4.916904e+18	6.888516e-02	1.558280e-01	6.054139e-04	0.000000e+00	1.969719e-03	
5.008408e+18	6.888516e-02	1.579459e-01	6.032212e-04	0.000000e+00	2.029346e-03	
5.101615e+18	6.888516e-02	1.600479e-01	6.009964e-04	0.000000e+00	2.089743e-03	
5.196557e+18	6.888516e-02	1.621447e-01	5.987405e-04	0.000000e+00	2.156207e-03	
5.293266e+18	6.888516e-02	1.642248e-01	5.964540e-04	0.000000e+00	2.223707e-03	
5.391775e+18	6.888516e-02	1.662931e-01	5.941378e-04	0.000000e+00	2.294157e-03	
5.492116e+18	6.888516e-02	1.683491e-01	5.917926e-04	0.000000e+00	2.367526e-03	
5.594326e+18	6.888516e-02	1.704093e-01	5.894191e-04	0.000000e+00	2.444126e-03	
5.698437e+18	6.888516e-02	1.724369e-01	5.870181e-04	0.000000e+00	2.523935e-03	
5.804486e+18	6.888516e-02	1.744505e-01	5.845902e-04	0.000000e+00	2.607126e-03	
5.912508e+18	6.888516e-02	1.764494e-01	5.821363e-04	0.000000e+00	2.693734e-03	
6.022541e+18	6.888516e-02	1.784409e-01	5.796570e-04	0.000000e+00	2.783992e-03	
6.134622e+18	6.888516e-02	1.804078e-01	5.771531e-04	0.000000e+00	2.877942e-03	
6.248788e+18	6.888516e-02	1.823583e-01	5.746252e-04	0.000000e+00	2.975651e-03	
6.365079e+18	6.888516e-02	1.842918e-01	5.720741e-04	0.000000e+00	3.077358e-03	
6.483534e+18	6.888516e-02	1.862178e-01	5.695004e-04	0.000000e+00	3.183229e-03	
6.604194e+18	6.888516e-02	1.881147e-01	5.669049e-04	0.000000e+00	3.293165e-03	
6.727099e+18	6.888516e-02	1.900015e-01	5.642882e-04	0.000000e+00	3.407753e-03	
6.852292e+18	6.888516e-02	1.918601e-01	5.616511e-04	0.000000e+00	3.526606e-03	
6.979814e+18	6.888516e-02	1.937056e-01	5.589941e-04	0.000000e+00	3.650065e-03	
7.109709e+18	6.888516e-02	1.955250e-01	5.563180e-04	0.000000e+00	3.778407e-03	
7.242022e+18	6.888516e-02	1.973232e-01	5.536234e-04	0.000000e+00	3.911779e-03	
7.376798e+18	6.888516e-02	1.991005e-01	5.509110e-04	0.000000e+00	4.050291e-03	
7.514081e+18	6.888516e-02	2.008790e-01	5.481814e-04	0.000000e+00	4.194010e-03	
7.653919e+18	6.888516e-02	2.026110e-01	5.454352e-04	0.000000e+00	4.342981e-03	
7.796360e+18	6.888516e-02	2.043213e-01	5.426732e-04	0.000000e+00	4.497385e-03	
7.941452e+18	6.888516e-02	2.060091e-01	5.398958e-04	0.000000e+00	4.657482e-03	
8.089243e+18	6.888516e-02	2.076839e-01	5.371039e-04	0.000000e+00	4.823159e-03	
8.239786e+18	6.888516e-02	2.093250e-01	5.342978e-04	0.000000e+00	4.994672e-03	
8.393129e+18	6.888516e-02	2.109425e-01	5.314784e-04	1.852548e-15	5.172179e-03	
8.549327e+18	6.888516e-02	2.125363e-01	5.286460e-04	5.294556e-15	5.356045e-03	
8.708431e+18	6.888516e-02	2.141174e-01	5.258015e-04	1.243580e-14	5.546238e-03	
8.870497e+18	6.888516e-02	2.156614e-01	5.229453e-04	2.639344e-14	5.742918e-03	
9.035578e+18	6.888516e-02	2.171899e-01	5.200779e-04	5.279418e-14	5.946065e-03	
9.203732e+18	6.888516e-02	2.186833e-01	5.172001e-04	1.016060e-13	6.155720e-03	
9.375015e+18	6.888516e-02	2.201590e-01	5.143123e-04	1.903006e-13	6.372080e-03	
9.549486e+18	6.888516e-02	2.216008e-01	5.114151e-04	3.493983e-13	6.595294e-03	
9.727203e+18	6.888516e-02	2.230169e-01	5.085090e-04	6.307974e-13	6.825420e-03	
9.908228e+18	6.888516e-02	2.244069e-01	5.055946e-04	1.123508e-12	7.062645e-03	
1.009262e+19	6.888516e-02	2.257932e-01	5.026724e-04	1.976453e-12	7.306871e-03	
1.028045e+19	6.888516e-02	2.271282e-01	4.997430e-04	3.437453e-12	7.558367e-03	
1.047177e+19	6.888516e-02	2.284369e-01	4.968067e-04	5.913941e-12	7.816946e-03	
1.066665e+19	6.888516e-02	2.297289e-01	4.938643e-04	1.007328e-11	8.082984e-03	
1.086516e+19	6.888516e-02	2.309829e-01	4.909160e-04	1.698687e-11	8.356809e-03	
1.106736e+19	6.888516e-02	2.322099e-01	4.879626e-04	2.836041e-11	8.637690e-03	
1.127333e+19	6.888516e-02	2.334096e-01	4.850043e-04	4.693034e-11	8.926192e-03	
1.148312e+19	6.888516e-02	2.346052e-01	4.820418e-04	7.692436e-11	9.222074e-03	
1.169683e+19	6.888516e-02	2.357477e-01	4.790755e-04	1.249245e-10	9.525592e-03	
1.191451e+19	6.888516e-02	2.368628e-01	4.761057e-04	2.011168e-10	9.835540e-03	
1.213624e+19	6.888516e-02	2.379504e-01	4.731331e-04	3.210584e-10	1.015396e-02	
1.236210e+19	6.888516e-02	2.390176e-01	4.701580e-04	5.081648e-10	1.047984e-02	
1.259216e+19	6.888516e-02	2.400488e-01	4.671809e-04	7.974334e-10	1.080766e-02	
1.282650e+19	6.888516e-02	2.410522e-01	4.642023e-04	1.241461e-09	1.114934e-02	
1.306520e+19	6.888516e-02	2.420276e-01	4.612224e-04	1.917038e-09	1.149910e-02	
1.330835e+19	6.888516e-02	2.429957e-01	4.582418e-04	2.936946e-09	1.186005e-02	
1.355602e+19	6.888516e-02	2.439129e-01	4.552609e-04	4.464673e-09	1.222312e-02	
1.380830e+19	6.888516e-02	2.448021e-01	4.522801e-04	6.734885e-09	1.259357e-02	
1.406527e+19	6.888516e-02	2.456634e-01	4.492997e-04	1.008544e-08	1.297124e-02	
1.432703e+19	6.888516e-02	2.465048e-01	4.463202e-04	1.499071e-08	1.335594e-02	
1.459366e+19	6.888516e-02	2.473091e-01	4.433419e-04	2.212152e-08	1.374737e-02	
1.486525e+19	6.888516e-02	2.480854e-01	4.403653e-04	3.242057e-08	1.414572e-02	
1.514189e+19	6.888516e-02	2.488336e-01	4.373906e-04	4.717501e-08	1.455073e-02	
1.542369e+19	6.888516e-02	2.495719e-01	4.344182e-04	6.818089e-08	1.496218e-02	
1.571072e+19	6.888516e-02	2.502623e-01	4.314486e-04	9.790350e-08	1.537890e-02	
1.600310e+19	6.888516e-02	2.509249e-01	4.284820e-04	1.396321e-07	1.580205e-02	
1.630092e+19	6.888516e-02	2.515598e-01	4.255188e-04	1.978646e-07	1.623020e-02	
1.660429e+19	6.888516e-02	2.521724e-01	4.225593e-04	2.786196e-07	1.666554e-02	
1.691330e+19	6.888516e-02	2.527513e-01	4.196038e-04	3.898950e-07	1.710616e-02	
1.722805e+19	6.888516e-02	2.533026e-01	4.166527e-04	5.424182e-07	1.755518e-02	
1.754867e+19	6.888516e-02	2.538263e-01	4.137063e-04	7.499441e-07	1.800722e-02	
1.787526e+19	6.888516e-02	2.543378e-01	4.107649e-04	1.031046e-06	1.846356e-02	
1.820792e+19	6.888516e-02	2.548052e-01	4.078288e-04	1.408639e-06	1.892421e-02	
1.854677e+19	6.888516e-02	2.552456e-01	4.048982e-04	1.913369e-06	1.938939e-02	
1.889193e+19	6.888516e-02	2.556589e-01	4.019735e-04	2.585730e-06	1.985861e-02	
1.924351e+19	6.888516e-02	2.560510e-01	3.990550e-04	3.477097e-06	2.033174e-02	
1.960163e+19	6.888516e-02	2.564100e-01	3.961429e-04	4.648168e-06	2.080777e-02	
1.996642e+19	6.888516e-02	2.567424e-01	3.932375e-04	6.181119e-06	2.128708e-02	
2.033800e+19	6.888516e-02	2.570482e-01	3.903390e-04	8.177273e-06	2.176844e-02	
2.071650e+19	6.888516e-02	2.573403e-01	3.874478e-04	1.076344e-05	2.225262e-02	
2.110203e+19	6.888516e-02	2.575923e-01	3.845640e-04	1.409711e-05	2.274019e-02	
2.149475e+19	6.888516e-02	2.578184e-01	3.816880e-04	1.837710e-05	2.322961e-02	
2.189477e+19	6.888516e-02	2.580229e-01	3.788199e-04	2.383808e-05	2.371954e-02	
2.230223e+19	6.888516e-02	2.581971e-01	3.759600e-04	3.077679e-05	2.421107e-02	
2.271728e+19	6.888516e-02	2.583459e-01	3.731085e-04	3.955206e-05	2.470312e-02	
2.314005e+19	6.888516e-02	2.584694e-01	3.702657e-04	5.059997e-05	2.519688e-02	
2.357069e+19	6.888516e-02	2.585792e-01	3.674317e-04	6.444795e-05	2.568996e-02	
2.400935e+19	6.888516e-02	2.586516e-01	3.646068e-04	8.172850e-05	2.618265e-02	
2.445617e+19	6.888516e-02	2.586994e-01	3.617911e-04	1.031993e-04	2.667511e-02	
2.491130e+19	6.888516e-02	2.587228e-01	3.589850e-04	1.297857e-04	2.716649e-02	
2.537490e+19	6.888516e-02	2.587263e-01	3.561885e-04	1.625292e-04	2.765723e-02	
2.584714e+19	6.888516e-02	2.587011e-01	3.534019e-04	2.027156e-04	2.813995e-02	
2.632815e+19	6.888516e-02	2.586521e-01	3.506253e-04	2.518385e-04	2.862721e-02	
2.681813e+19	6.888516e-02	2.585795e-01	3.478590e-04	3.116523e-04	2.911090e-02	
2.731722e+19	6.888516e-02	2.584927e-01	3.451031e-04	3.842032e-04	2.959343e-02	
2.782559e+19	6.888516e-02	2.583727e-01	3.423577e-04	4.716804e-04	3.007639e-02	
2.834343e+19	6.888516e-02	2.582300e-01	3.396231e-04	5.774246e-04	3.055352e-02	
2.887091e+19	6.888516e-02	2.580648e-01	3.368994e-04	7.040671e-04	3.102597e-02	
2.940820e+19	6.888516e-02	2.578799e-01	3.341868e-04	8.554628e-04	3.149450e-02	
2.995549e+19	6.888516e-02	2.576699e-01	3.314854e-04	1.035950e-03	3.195922e-02	
3.051297e+19	6.888516e-02	2.574380e-01	3.287953e-04	1.250138e-03	3.241912e-02	
3.108082e+19	6.888516e-02	2.571846e-01	3.261168e-04	1.503593e-03	3.287497e-02	
3.165924e+19	6.888516e-02	2.569169e-01	3.234499e-04	1.802532e-03	3.332543e-02	
3.224842e+19	6.888516e-02	2.566202e-01	3.207947e-04	2.154249e-03	3.377077e-02	
3.284857e+19	6.888516e-02	2.563028e-01	3.181515e-04	2.566300e-03	3.421141e-02	
3.345989e+19	6.888516e-02	2.559648e-01	3.155203e-04	3.047783e-03	3.464592e-02	
3.408259e+19	6.888516e-02	2.547521e-01	3.129012e-04	3.608710e-03	3.507582e-02	
3.471687e+19	6.888516e-02	2.552306e-01	3.102945e-04	4.260261e-03	3.549991e-02	
3.536296e+19	6.888516e-02	2.548323e-01	3.077001e-04	5.014891e-03	3.591501e-02	
3.602107e+19	6.888516e-02	2.544145e-01	3.051181e-04	5.886417e-03	3.632564e-02	
3.669142e+19	6.888516e-02	2.539830e-01	3.025488e-04	6.890211e-03	3.673889e-02	
3.737426e+19	6.888516e-02	2.535264e-01	2.999922e-04	8.042349e-03	3.712989e-02	
3.806980e+19	6.888516e-02	2.530512e-01	2.974484e-04	9.363354e-03	3.752136e-02	
3.877828e+19	6.888516e-02	2.525576e-01	2.949174e-04	1.087278e-02	3.790588e-02	
3.949995e+19	6.888516e-02	2.520476e-01	2.923994e-04	1.259315e-02	3.828290e-02	
4.023506e+19	6.888516e-02	2.515178e-01	2.898945e-04	1.454902e-02	3.865309e-02	
4.098384e+19	6.888516e-02	2.509706e-01	2.874027e-04	1.676725e-02	3.901574e-02	
4.174655e+19	6.888516e-02	2.504060e-01	2.849242e-04	1.927671e-02	3.937169e-02	
4.252346e+19	6.888516e-02	2.498287e-01	2.824589e-04	2.210895e-02	3.972051e-02	
4.331483e+19	6.888516e-02	2.492300e-01	2.800070e-04	2.529722e-02	4.005547e-02	
4.412093e+19	6.888516e-02	2.486148e-01	2.775685e-04	2.888014e-02	4.038820e-02	
4.494203e+19	6.888516e-02	2.479834e-01	2.751436e-04	3.289724e-02	4.071298e-02	
4.577841e+19	6.888516e-02	2.473378e-01	2.727321e-04	3.739114e-02	4.103784e-02	
4.663035e+19	6.888516e-02	2.466747e-01	2.703343e-04	4.240733e-02	4.134711e-02	
4.749815e+19	6.888516e-02	2.459964e-01	2.679502e-04	4.800014e-02	4.165084e-02	
4.838210e+19	6.888516e-02	2.453067e-01	2.655798e-04	5.421285e-02	4.195076e-02	
4.928250e+19	6.888516e-02	2.445981e-01	2.632232e-04	6.110196e-02	4.223889e-02	
5.019965e+19	6.888516e-02	2.438751e-01	2.608804e-04	6.872842e-02	4.251993e-02	
5.113388e+19	6.888516e-02	2.431378e-01	2.585514e-04	7.715464e-02	4.279494e-02	
5.208549e+19	6.888516e-02	2.423877e-01	2.562364e-04	8.644701e-02	4.306157e-02	
5.305481e+19	6.888516e-02	2.416228e-01	2.539353e-04	9.667481e-02	4.332110e-02	
5.404216e+19	6.888516e-02	2.408445e-01	2.516482e-04	1.079102e-01	4.357350e-02	
5.504790e+19	6.888516e-02	2.400530e-01	2.493751e-04	1.202271e-01	4.381713e-02	
5.607235e+19	6.888516e-02	2.392515e-01	2.471160e-04	1.337104e-01	4.405059e-02	
5.711586e+19	6.888516e-02	2.384343e-01	2.448709e-04	1.484369e-01	4.428261e-02	
5.817880e+19	6.888516e-02	2.376049e-01	2.426400e-04	1.644963e-01	4.450602e-02	
5.926152e+19	6.888516e-02	2.367634e-01	2.404231e-04	1.823198e-01	4.471636e-02	
6.036439e+19	6.888516e-02	2.359112e-01	2.382204e-04	2.009774e-01	4.491413e-02	
6.148778e+19	6.888516e-02	2.350463e-01	2.360318e-04	2.215895e-01	4.508514e-02	
6.263207e+19	6.888516e-02	2.341703e-01	2.338574e-04	2.439116e-01	4.528038e-02	
6.379767e+19	6.888516e-02	2.332832e-01	2.316972e-04	2.680478e-01	4.544488e-02	
6.498495e+19	6.888516e-02	2.323876e-01	2.295511e-04	2.940910e-01	4.559903e-02	
6.619433e+19	6.888516e-02	2.314792e-01	2.274192e-04	3.221564e-01	4.574046e-02	
6.742622e+19	6.888516e-02	2.305606e-01	2.253014e-04	3.523544e-01	4.586964e-02	
6.868104e+19	6.888516e-02	2.296320e-01	2.231979e-04	3.847676e-01	4.594363e-02	
6.995920e+19	6.888516e-02	2.286944e-01	2.211085e-04	4.195364e-01	4.610721e-02	
7.126115e+19	6.888516e-02	2.277468e-01	2.190334e-04	4.567546e-01	4.621027e-02	
7.258734e+19	6.888516e-02	2.267900e-01	2.169724e-04	4.965382e-01	4.630094e-02	
7.393820e+19	6.888516e-02	2.258242e-01	2.149256e-04	5.390015e-01	4.638406e-02	
7.531420e+19	6.888516e-02	2.248513e-01	2.128929e-04	5.842534e-01	4.645551e-02	
7.671581e+19	6.888516e-02	2.238684e-01	2.108745e-04	6.323854e-01	4.652038e-02	
7.814351e+19	6.888516e-02	2.228772e-01	2.088701e-04	6.835131e-01	4.657994e-02	
7.959777e+19	6.888516e-02	2.218779e-01	2.068799e-04	7.377194e-01	4.662649e-02	
8.107910e+19	6.888516e-02	2.208718e-01	2.049038e-04	7.951541e-01	4.666324e-02	
8.258799e+19	6.888516e-02	2.198574e-01	2.029418e-04	8.558964e-01	4.669696e-02	
8.412497e+19	6.888516e-02	2.188357e-01	2.009939e-04	9.199458e-01	4.671604e-02	
8.569055e+19	6.888516e-02	2.178073e-01	1.990601e-04	9.875422e-01	4.672453e-02	
8.728527e+19	6.888516e-02	2.167732e-01	1.971402e-04	1.058728e+00	4.673343e-02	
8.890966e+19	6.888516e-02	2.157310e-01	1.952344e-04	1.133511e+00	4.672441e-02	
9.056428e+19	6.888516e-02	2.146829e-01	1.933426e-04	1.212026e+00	4.670609e-02	
9.224970e+19	6.888516e-02	2.136283e-01	1.914648e-04	1.293276e+00	4.526704e-02	
9.396648e+19	6.888516e-02	2.125687e-01	1.896008e-04	1.380470e+00	4.664406e-02	
9.571522e+19	6.888516e-02	2.115029e-01	1.877508e-04	1.470444e+00	4.659572e-02	
9.749649e+19	6.888516e-02	2.104312e-01	1.859147e-04	1.564372e+00	4.653688e-02	
9.931092e+19	6.888516e-02	2.093561e-01	1.840923e-04	1.662233e+00	4.646367e-02	
1.011591e+20	6.888516e-02	2.082745e-01	1.822838e-04	1.764113e+00	4.637714e-02	
1.030417e+20	6.888516e-02	2.071882e-01	1.804891e-04	1.870051e+00	4.628143e-02	
1.049593e+20	6.888516e-02	2.060972e-01	1.787081e-04	1.980064e+00	4.616951e-02	
1.069126e+20	6.888516e-02	2.050023e-01	1.769407e-04	2.094016e+00	4.604226e-02	
1.089023e+20	6.888516e-02	2.039029e-01	1.751871e-04	2.211981e+00	4.590381e-02	
1.109290e+20	6.888516e-02	2.027989e-01	1.734470e-04	2.333391e+00	4.574986e-02	
1.129934e+20	6.888516e-02	2.016916e-01	1.717205e-04	2.459219e+00	4.558425e-02	
1.150962e+20	6.888516e-02	2.005823e-01	1.700075e-04	2.589805e+00	4.540488e-02	
1.172382e+20	6.888516e-02	1.994681e-01	1.683081e-04	2.723512e+00	4.521367e-02	
1.194200e+20	6.888516e-02	1.983507e-01	1.666220e-04	2.860955e+00	4.501275e-02	
1.216424e+20	6.888516e-02	1.972296e-01	1.649494e-04	3.002263e+00	4.480370e-02	
1.239062e+20	6.888516e-02	1.961066e-01	1.632901e-04	3.147487e+00	4.459404e-02	
1.262121e+20	6.888516e-02	1.949816e-01	1.616441e-04	3.296105e+00	4.439081e-02	
1.285610e+20	6.888516e-02	1.938534e-01	1.600113e-04	3.448252e+00	4.420070e-02	
1.309535e+20	6.888516e-02	1.927229e-01	1.583918e-04	3.603758e+00	4.402391e-02	
1.333906e+20	6.888516e-02	1.915909e-01	1.567853e-04	3.762633e+00	4.386387e-02	
1.358730e+20	6.888516e-02	1.904564e-01	1.551920e-04	3.924729e+00	4.372541e-02	
1.384016e+20	6.888516e-02	1.893192e-01	1.536117e-04	4.089937e+00	4.360642e-02	
1.409773e+20	6.888516e-02	1.881824e-01	1.520444e-04	4.257868e+00	4.350673e-02	
1.436009e+20	6.888516e-02	1.870434e-01	1.504901e-04	4.428725e+00	4.342952e-02	
1.462733e+20	6.888516e-02	1.859018e-01	1.489486e-04	4.602330e+00	4.337128e-02	
1.489955e+20	6.888516e-02	1.847614e-01	1.474200e-04	4.778657e+00	4.332938e-02	
1.517683e+20	6.888516e-02	1.836190e-01	1.459041e-04	4.957411e+00	4.330430e-02	
1.545928e+20	6.888516e-02	1.824763e-01	1.444009e-04	5.138160e+00	4.328873e-02	
1.574698e+20	6.888516e-02	1.813311e-01	1.429104e-04	5.321245e+00	4.328392e-02	
1.604003e+20	6.888516e-02	1.801868e-01	1.414324e-04	5.506027e+00	4.328755e-02	
1.633854e+20	6.888516e-02	1.790437e-01	1.399670e-04	5.692801e+00	4.329634e-02	
1.664260e+20	6.888516e-02	1.778991e-01	1.385141e-04	5.880943e+00	4.331236e-02	
1.695232e+20	6.888516e-02	1.767544e-01	1.370735e-04	6.071094e+00	4.333405e-02	
1.726781e+20	6.888516e-02	1.756083e-01	1.356454e-04	6.261932e+00	4.335880e-02	
1.758917e+20	6.888516e-02	1.744656e-01	1.342295e-04	6.454192e+00	4.338722e-02	
1.791650e+20	6.888516e-02	1.733220e-01	1.328258e-04	6.645078e+00	4.341799e-02	
1.824993e+20	6.888516e-02	1.721787e-01	1.314344e-04	6.842382e+00	4.344842e-02	
1.858957e+20	6.888516e-02	1.710361e-01	1.300550e-04	7.037320e+00	4.360356e-02	
1.893552e+20	6.888516e-02	1.698943e-01	1.286876e-04	7.232972e+00	4.352498e-02	
1.928792e+20	6.888516e-02	1.687536e-01	1.273322e-04	7.429176e+00	4.356034e-02	
1.964687e+20	6.888516e-02	1.676138e-01	1.259888e-04	7.625512e+00	4.359189e-02	
2.001250e+20	6.888516e-02	1.664752e-01	1.246571e-04	7.822112e+00	4.361894e-02	
2.038493e+20	6.888516e-02	1.653382e-01	1.233373e-04	8.018638e+00	4.364053e-02	
2.076430e+20	6.888516e-02	1.642024e-01	1.220292e-04	8.215015e+00	4.365924e-02	
2.115073e+20	6.888516e-02	1.630681e-01	1.207327e-04	8.411290e+00	4.367472e-02	
2.154435e+20	6.888516e-02	1.619333e-01	1.194478e-04	8.607353e+00	4.368107e-02	
2.194529e+20	6.888516e-02	1.608026e-01	1.181744e-04	8.802727e+00	4.368624e-02	
2.235370e+20	6.888516e-02	1.596759e-01	1.169125e-04	8.997805e+00	4.368532e-02	
2.276970e+20	6.888516e-02	1.585490e-01	1.156619e-04	9.191472e+00	4.367742e-02	
2.319345e+20	6.888516e-02	1.574243e-01	1.144226e-04	9.384735e+00	4.366660e-02	
2.362508e+20	6.888516e-02	1.563019e-01	1.131946e-04	9.577207e+00	4.365920e-02	
2.406475e+20	6.888516e-02	1.551817e-01	1.119778e-04	9.768867e+00	4.364431e-02	
2.451260e+20	6.888516e-02	1.540639e-01	1.107721e-04	9.959014e+00	4.363139e-02	
2.496878e+20	6.888516e-02	1.529486e-01	1.095774e-04	1.014872e+01	4.361264e-02	
2.543346e+20	6.888516e-02	1.518360e-01	1.083937e-04	1.033586e+01	4.358665e-02	
2.590678e+20	6.888516e-02	1.507260e-01	1.072209e-04	1.052238e+01	4.356256e-02	
2.638891e+20	6.888516e-02	1.496162e-01	1.060590e-04	1.070751e+01	4.352602e-02	
2.688001e+20	6.888516e-02	1.485147e-01	1.049078e-04	1.089084e+01	4.348488e-02	
2.738025e+20	6.888516e-02	1.474108e-01	1.037672e-04	1.107303e+01	4.343602e-02	
2.788980e+20	6.888516e-02	1.463154e-01	1.026374e-04	1.125283e+01	4.338353e-02	
2.840884e+20	6.888516e-02	1.452203e-01	1.015181e-04	1.143137e+01	4.332680e-02	
2.893753e+20	6.888516e-02	1.441285e-01	1.004092e-04	1.160810e+01	4.327386e-02	
2.947606e+20	6.888516e-02	1.430401e-01	9.931082e-05	1.177804e+01	4.322889e-02	
3.002462e+20	6.888516e-02	1.419550e-01	9.822275e-05	1.195773e+01	4.319032e-02	
3.058338e+20	6.888516e-02	1.408734e-01	9.714497e-05	1.212897e+01	4.317421e-02	
3.115254e+20	6.888516e-02	1.397922e-01	9.607740e-05	1.229751e+01	4.316659e-02	
3.173230e+20	6.888516e-02	1.387210e-01	9.501997e-05	1.246360e+01	4.317260e-02	
3.232284e+20	6.888516e-02	1.376502e-01	9.397261e-05	1.262848e+01	4.318654e-02	
3.292437e+20	6.888516e-02	1.365832e-01	9.293526e-05	1.279120e+01	4.320982e-02	
3.353710e+20	6.888516e-02	1.355200e-01	9.190783e-05	1.295185e+01	4.323719e-02	
3.416123e+20	6.888516e-02	1.344608e-01	9.089027e-05	1.311032e+01	4.326664e-02	
3.479698e+20	6.888516e-02	1.334055e-01	8.988249e-05	1.326657e+01	4.329503e-02	
3.544456e+20	6.888516e-02	1.323542e-01	8.888445e-05	1.342014e+01	4.332479e-02	
3.610419e+20	6.888516e-02	1.313070e-01	8.789605e-05	1.357154e+01	4.335176e-02	
3.677609e+20	6.888516e-02	1.302640e-01	8.691724e-05	1.372114e+01	4.337531e-02	
3.746050e+20	6.888516e-02	1.292251e-01	8.594794e-05	1.386892e+01	4.339640e-02	
3.815765e+20	6.888516e-02	1.281905e-01	8.498809e-05	1.401274e+01	4.341530e-02	
3.886777e+20	6.888516e-02	1.271601e-01	8.403762e-05	1.415463e+01	4.343283e-02	
3.959110e+20	6.888516e-02	1.261342e-01	8.309645e-05	1.429400e+01	4.345193e-02	
4.032790e+20	6.888516e-02	1.251127e-01	8.216452e-05	1.443107e+01	4.347118e-02	
4.107841e+20	6.888516e-02	1.240919e-01	8.124176e-05	1.456580e+01	4.350024e-02	
4.184289e+20	6.888516e-02	1.230831e-01	8.032810e-05	1.469817e+01	4.353739e-02	
4.262159e+20	6.888516e-02	1.220750e-01	7.942347e-05	1.482786e+01	4.358284e-02	
4.341478e+20	6.888516e-02	1.210678e-01	7.852780e-05	1.495480e+01	4.363307e-02	
4.422274e+20	6.888516e-02	1.200728e-01	7.764103e-05	1.507940e+01	4.368853e-02	
4.504573e+20	6.888516e-02	1.190749e-01	7.676309e-05	1.520217e+01	4.374823e-02	
4.588404e+20	6.888516e-02	1.180893e-01	7.589390e-05	1.532062e+01	4.381137e-02	
4.673795e+20	6.888516e-02	1.170966e-01	7.503341e-05	1.543729e+01	4.387712e-02	
4.760775e+20	6.888516e-02	1.161249e-01	7.418154e-05	1.555157e+01	4.394472e-02	
4.849374e+20	6.888516e-02	1.151499e-01	7.333823e-05	1.566328e+01	4.401339e-02	
4.939622e+20	6.888516e-02	1.141715e-01	7.250340e-05	1.577246e+01	4.408324e-02	
5.031549e+20	6.888516e-02	1.132062e-01	7.167700e-05	1.587947e+01	4.415292e-02	
5.125187e+20	6.888516e-02	1.122543e-01	7.085895e-05	1.598307e+01	4.422253e-02	
5.220568e+20	6.888516e-02	1.112990e-01	7.004919e-05	1.608397e+01	4.429163e-02	
5.317723e+20	6.888516e-02	1.103487e-01	6.924766e-05	1.618285e+01	4.435995e-02	
5.416687e+20	6.888516e-02	1.094034e-01	6.845427e-05	1.628023e+01	4.441469e-02	
5.517492e+20	6.888516e-02	1.084631e-01	6.766898e-05	1.637527e+01	4.448177e-02	
5.620174e+20	6.888516e-02	1.075280e-01	6.689171e-05	1.646421e+01	4.454800e-02	
5.724766e+20	6.888516e-02	1.065979e-01	6.612240e-05	1.655284e+01	4.461349e-02	
5.831305e+20	6.888516e-02	1.056643e-01	6.536099e-05	1.663874e+01	4.467839e-02	
5.939827e+20	6.888516e-02	1.047531e-01	6.460740e-05	1.670916e+01	4.474292e-02	
6.050368e+20	6.888516e-02	1.038297e-01	6.386157e-05	1.680337e+01	4.480729e-02	
6.162966e+20	6.888516e-02	1.029291e-01	6.312344e-05	1.688176e+01	4.486487e-02	
6.277660e+20	6.888516e-02	1.020248e-01	6.239295e-05	1.695776e+01	4.492966e-02	
6.394488e+20	6.888516e-02	1.011258e-01	6.167003e-05	1.694778e+01	4.498617e-02	
6.513491e+20	6.888516e-02	1.002320e-01	6.095462e-05	1.710327e+01	4.505169e-02	
6.634708e+20	6.888516e-02	9.934350e-02	6.024665e-05	1.717348e+01	4.511737e-02	
6.758181e+20	6.888516e-02	9.846024e-02	5.954606e-05	1.724102e+01	4.518314e-02	
6.883952e+20	6.888516e-02	9.757327e-02	5.885279e-05	1.730468e+01	4.524887e-02	
7.012064e+20	6.888516e-02	9.670057e-02	5.816677e-05	1.736615e+01	4.530413e-02	
7.142559e+20	6.888516e-02	9.584222e-02	5.748795e-05	1.742590e+01	4.536957e-02	
7.275484e+20	6.888516e-02	9.498017e-02	5.681626e-05	1.748317e+01	4.543456e-02	
7.410882e+20	6.888516e-02	9.412344e-02	5.615163e-05	1.753834e+01	4.549886e-02	
7.548799e+20	6.888516e-02	9.327204e-02	5.549402e-05	1.759140e+01	4.556857e-02	
7.689284e+20	6.888516e-02	9.242599e-02	5.484335e-05	1.764261e+01	4.562514e-02	
7.832383e+20	6.888516e-02	9.158529e-02	5.419957e-05	1.769211e+01	4.567879e-02	
7.978145e+20	6.888516e-02	9.074994e-02	5.356261e-05	1.773971e+01	4.573978e-02	
8.126619e+20	6.888516e-02	8.991995e-02	5.293242e-05	1.778605e+01	4.579626e-02	
8.277857e+20	6.888516e-02	8.909532e-02	5.230894e-05	1.783079e+01	4.585510e-02	
8.431909e+20	6.888516e-02	8.827606e-02	5.169210e-05	1.787242e+01	4.591272e-02	
8.588829e+20	6.888516e-02	8.746217e-02	5.108185e-05	1.791222e+01	4.596911e-02	
8.748668e+20	6.888516e-02	8.665365e-02	5.047813e-05	1.794997e+01	4.601528e-02	
8.911482e+20	6.888516e-02	8.585050e-02	4.988088e-05	1.798665e+01	4.606945e-02	
9.077327e+20	6.888516e-02	8.505272e-02	4.929004e-05	1.802143e+01	4.611599e-02	
9.246257e+20	6.888516e-02	8.426031e-02	4.870555e-05	1.805452e+01	4.616776e-02	
9.418332e+20	6.888516e-02	8.347327e-02	4.812736e-05	1.808597e+01	4.622723e-02	
9.593608e+20	6.888516e-02	8.268229e-02	4.755541e-05	1.811606e+01	4.626945e-02	
9.772147e+20	6.888516e-02	8.191529e-02	4.698964e-05	1.814514e+01	4.630932e-02	
9.954008e+20	6.888516e-02	8.113502e-02	4.643000e-05	1.817279e+01	4.635114e-02	
1.013925e+21	6.888516e-02	8.037874e-02	4.587643e-05	1.819913e+01	4.639592e-02	
1.032795e+21	6.888516e-02	7.961849e-02	4.532887e-05	1.822462e+01	4.644018e-02	
1.052015e+21	6.888516e-02	7.886359e-02	4.478727e-05	1.824809e+01	4.647814e-02	
1.071593e+21	6.888516e-02	7.811402e-02	4.425157e-05	1.827056e+01	4.653731e-02	
1.091536e+21	6.888516e-02	7.736979e-02	4.372172e-05	1.829168e+01	4.655622e-02	
1.111850e+21	6.888516e-02	7.663087e-02	4.319767e-05	1.831207e+01	4.659344e-02	
1.132541e+21	6.888516e-02	7.589727e-02	4.267935e-05	1.833171e+01	4.663037e-02	
1.153618e+21	6.888516e-02	7.515966e-02	4.216672e-05	1.834412e+01	4.666439e-02	
1.175087e+21	6.888516e-02	7.443666e-02	4.165972e-05	1.836126e+01	4.669804e-02	
1.196956e+21	6.888516e-02	7.371896e-02	4.115830e-05	1.837772e+01	4.673141e-02	
1.219231e+21	6.888516e-02	7.301584e-02	4.066241e-05	1.839378e+01	4.676322e-02	
1.241921e+21	6.888516e-02	7.230867e-02	4.017200e-05	1.840906e+01	4.679386e-02	
1.265034e+21	6.888516e-02	7.160675e-02	3.968700e-05	1.842902e+01	4.682342e-02	
1.288576e+21	6.888516e-02	7.091007e-02	3.920738e-05	1.844258e+01	4.685128e-02	
1.312557e+21	6.888516e-02	7.020934e-02	3.873307e-05	1.845621e+01	4.688164e-02	
1.336984e+21	6.888516e-02	6.952311e-02	3.826404e-05	1.846912e+01	4.690698e-02	
1.361865e+21	6.888516e-02	6.885134e-02	3.780022e-05	1.847984e+01	4.692825e-02	
1.387210e+21	6.888516e-02	6.817549e-02	3.734157e-05	1.849097e+01	4.695841e-02	
1.413026e+21	6.888516e-02	6.749559e-02	3.688804e-05	1.850202e+01	4.698511e-02	
1.439323e+21	6.888516e-02	6.683008e-02	3.643957e-05	1.851286e+01	4.700587e-02	
1.466109e+21	6.888516e-02	6.616971e-02	3.599612e-05	1.852320e+01	4.703096e-02	
1.493393e+21	6.888516e-02	6.551447e-02	3.555765e-05	1.853305e+01	4.704954e-02	
1.521186e+21	6.888516e-02	6.487351e-02	3.512409e-05	1.854270e+01	4.707500e-02	
1.549495e+21	6.888516e-02	6.422846e-02	3.469541e-05	1.855208e+01	4.709056e-02	
1.578331e+21	6.888516e-02	6.358848e-02	3.427155e-05	1.856164e+01	4.711192e-02	
1.607704e+21	6.888516e-02	6.294444e-02	3.385247e-05	1.857069e+01	4.713329e-02	
1.637624e+21	6.888516e-02	6.231458e-02	3.343812e-05	1.857973e+01	4.714753e-02	
1.668101e+21	6.888516e-02	6.168974e-02	3.302845e-05	1.858866e+01	4.717184e-02	
1.699144e+21	6.888516e-02	6.106990e-02	3.262343e-05	1.859698e+01	4.718890e-02	
1.730766e+21	6.888516e-02	6.046408e-02	3.222299e-05	1.860549e+01	4.720603e-02	
1.762975e+21	6.888516e-02	5.985417e-02	3.182710e-05	1.861387e+01	4.722399e-02	
1.795785e+21	6.888516e-02	5.924022e-02	3.143571e-05	1.862210e+01	4.724123e-02	
1.829205e+21	6.888516e-02	5.864020e-02	3.104877e-05	1.863064e+01	4.725788e-02	
1.863246e+21	6.888516e-02	5.804509e-02	3.066625e-05	1.863934e+01	4.727392e-02	
1.897922e+21	6.888516e-02	5.745486e-02	3.028809e-05	1.896645e+01	4.727695e-02	
1.933242e+21	6.888516e-02	5.686949e-02	2.991425e-05	1.865625e+01	4.729223e-02	
1.969220e+21	6.888516e-02	5.628897e-02	2.954469e-05	1.866534e+01	4.730693e-02	
2.005868e+21	6.888516e-02	5.571327e-02	2.917937e-05	1.867471e+01	4.732119e-02	
2.043197e+21	6.888516e-02	5.514237e-02	2.881824e-05	1.868413e+01	4.731754e-02	
2.081222e+21	6.888516e-02	5.458502e-02	2.846126e-05	1.869370e+01	4.733126e-02	
2.119953e+21	6.888516e-02	5.402363e-02	2.810838e-05	1.870343e+01	4.734456e-02	
2.159406e+21	6.888516e-02	5.346697e-02	2.775957e-05	1.871330e+01	4.735737e-02	
2.199593e+21	6.888516e-02	5.290632e-02	2.741479e-05	1.872269e+01	4.736976e-02	
2.240528e+21	6.888516e-02	5.235909e-02	2.707398e-05	1.873276e+01	4.738170e-02	
2.282224e+21	6.888516e-02	5.181651e-02	2.673712e-05	1.874330e+01	4.739321e-02	
2.324697e+21	6.888516e-02	5.128718e-02	2.640416e-05	1.875750e+01	4.740437e-02	
2.367960e+21	6.888516e-02	5.075384e-02	2.607506e-05	1.876814e+01	4.740745e-02	
2.412028e+21	6.888516e-02	5.021656e-02	2.574978e-05	1.877649e+01	4.740935e-02	
2.456916e+21	6.888516e-02	4.969241e-02	2.542828e-05	1.878768e+01	4.742008e-02	
2.502640e+21	6.888516e-02	4.917281e-02	2.511053e-05	1.879912e+01	4.743037e-02	
2.549215e+21	6.888516e-02	4.865774e-02	2.479647e-05	1.881111e+01	4.744046e-02	
2.596656e+21	6.888516e-02	4.814716e-02	2.448608e-05	1.882330e+01	4.745019e-02	
2.644980e+21	6.888516e-02	4.764106e-02	2.417932e-05	1.883552e+01	4.745967e-02	
2.694204e+21	6.888516e-02	4.714774e-02	2.387614e-05	1.884822e+01	4.746888e-02	
2.744343e+21	6.888516e-02	4.664218e-02	2.357651e-05	1.886099e+01	4.747787e-02	
2.795416e+21	6.888516e-02	4.614935e-02	2.328040e-05	1.887424e+01	4.748667e-02	
2.847439e+21	6.888516e-02	4.566090e-02	2.298776e-05	1.888765e+01	4.748317e-02	
2.900430e+21	6.888516e-02	4.517680e-02	2.269856e-05	1.890157e+01	4.749146e-02	
2.954408e+21	6.888516e-02	4.469702e-02	2.241277e-05	1.891601e+01	4.750012e-02	
3.009390e+21	6.888516e-02	4.422966e-02	2.213034e-05	1.893052e+01	4.750862e-02	
3.065395e+21	6.888516e-02	4.375842e-02	2.185124e-05	1.894519e+01	4.751712e-02	
3.122443e+21	6.888516e-02	4.328339e-02	2.157543e-05	1.896003e+01	4.752539e-02	
3.180552e+21	6.888516e-02	4.282866e-02	2.130289e-05	1.897535e+01	4.753359e-02	
3.239743e+21	6.888516e-02	4.236213e-02	2.103357e-05	1.899070e+01	4.754166e-02	
3.300035e+21	6.888516e-02	4.191570e-02	2.076745e-05	1.900652e+01	4.754207e-02	
3.361449e+21	6.888516e-02	4.146544e-02	2.050448e-05	1.902247e+01	4.755036e-02	
3.424006e+21	6.888516e-02	4.101147e-02	2.024463e-05	1.903874e+01	4.755852e-02	
3.487727e+21	6.888516e-02	4.057728e-02	1.998787e-05	1.905471e+01	4.756670e-02	
3.552635e+21	6.888516e-02	4.013931e-02	1.973417e-05	1.907139e+01	4.757492e-02	
3.618750e+21	6.888516e-02	3.970539e-02	1.948349e-05	1.908829e+01	4.757903e-02	
3.686095e+21	6.888516e-02	3.927549e-02	1.923580e-05	1.910534e+01	4.758738e-02	
3.754694e+21	6.888516e-02	3.884192e-02	1.899107e-05	1.912256e+01	4.759431e-02	
3.824570e+21	6.888516e-02	3.842001e-02	1.874927e-05	1.914017e+01	4.760279e-02	
3.895746e+21	6.888516e-02	3.800204e-02	1.851036e-05	1.915851e+01	4.761126e-02	
3.968246e+21	6.888516e-02	3.758799e-02	1.827431e-05	1.917563e+01	4.761981e-02	
4.042096e+21	6.888516e-02	3.717782e-02	1.804109e-05	1.919339e+01	4.762841e-02	
4.117320e+21	6.888516e-02	3.677151e-02	1.781067e-05	1.921110e+01	4.763713e-02	
4.193944e+21	6.888516e-02	3.637460e-02	1.758303e-05	1.922951e+01	4.764592e-02	
4.271994e+21	6.888516e-02	3.597590e-02	1.735812e-05	1.924805e+01	4.765486e-02	
4.351497e+21	6.888516e-02	3.558098e-02	1.713592e-05	1.926648e+01	4.766385e-02	
4.432479e+21	6.888516e-02	3.518982e-02	1.691640e-05	1.928511e+01	4.767296e-02	
4.514968e+21	6.888516e-02	3.480240e-02	1.669953e-05	1.930324e+01	4.768241e-02	
4.598992e+21	6.888516e-02	3.441867e-02	1.648528e-05	1.932154e+01	4.769183e-02	
4.684580e+21	6.888516e-02	3.403862e-02	1.627363e-05	1.934041e+01	4.770144e-02	
4.771761e+21	6.888516e-02	3.366223e-02	1.606453e-05	1.935949e+01	4.771133e-02	
4.860564e+21	6.888516e-02	3.328946e-02	1.585797e-05	1.937879e+01	4.772134e-02	
4.951020e+21	6.888516e-02	3.292199e-02	1.565392e-05	1.939810e+01	4.773154e-02	
5.043159e+21	6.888516e-02	3.255638e-02	1.545234e-05	1.941751e+01	4.774190e-02	
5.137014e+21	6.888516e-02	3.219432e-02	1.525322e-05	1.943681e+01	4.775256e-02	
5.232614e+21	6.888516e-02	3.183411e-02	1.505652e-05	1.945438e+01	4.776340e-02	
5.329994e+21	6.888516e-02	3.148075e-02	1.486222e-05	1.947392e+01	4.777447e-02	
5.429186e+21	6.888516e-02	3.112917e-02	1.467028e-05	1.949351e+01	4.778583e-02	
5.530224e+21	6.888516e-02	3.077940e-02	1.448069e-05	1.951286e+01	4.779738e-02	
5.633143e+21	6.888516e-02	3.043470e-02	1.429342e-05	1.953232e+01	4.780921e-02	
5.737976e+21	6.888516e-02	3.009340e-02	1.410843e-05	1.955183e+01	4.782124e-02	
5.844761e+21	6.888516e-02	2.975546e-02	1.392571e-05	1.957131e+01	4.783354e-02	
5.953533e+21	6.888516e-02	2.942086e-02	1.374523e-05	1.959078e+01	4.784615e-02	
6.064329e+21	6.888516e-02	2.909117e-02	1.356697e-05	1.960812e+01	4.785906e-02	
6.177188e+21	6.888516e-02	2.876159e-02	1.339089e-05	1.962647e+01	4.787223e-02	
6.292146e+21	6.888516e-02	2.843686e-02	1.321698e-05	1.964494e+01	4.788563e-02	
6.409244e+21	6.888516e-02	2.811694e-02	1.304521e-05	1.966425e+01	4.789937e-02	
6.528521e+21	6.888516e-02	2.779711e-02	1.287555e-05	1.968390e+01	4.791343e-02	
6.650018e+21	6.888516e-02	2.748203e-02	1.270798e-05	1.970294e+01	4.792778e-02	
6.773776e+21	6.888516e-02	2.717164e-02	1.254248e-05	1.972191e+01	4.794239e-02	
6.899837e+21	6.888516e-02	2.686133e-02	1.237903e-05	1.974142e+01	4.795735e-02	
7.028244e+21	6.888516e-02	2.655718e-02	1.221759e-05	1.975752e+01	4.797264e-02	
7.159041e+21	6.888516e-02	2.625460e-02	1.205816e-05	1.977734e+01	4.798825e-02	
7.292272e+21	6.888516e-02	2.595358e-02	1.190069e-05	1.979547e+01	4.800412e-02	
7.427982e+21	6.888516e-02	2.565711e-02	1.174518e-05	1.981356e+01	4.802037e-02	
7.566219e+21	6.888516e-02	2.536366e-02	1.159160e-05	1.983070e+01	4.803701e-02	
7.707027e+21	6.888516e-02	2.507466e-02	1.143993e-05	1.981853e+01	4.805385e-02	
7.850456e+21	6.888516e-02	2.478570e-02	1.129014e-05	1.986469e+01	4.807117e-02	
7.996555e+21	6.888516e-02	2.450114e-02	1.114221e-05	1.988302e+01	4.808866e-02	
8.145372e+21	6.888516e-02	2.422094e-02	1.099613e-05	1.990056e+01	4.810669e-02	
8.296959e+21	6.888516e-02	2.394077e-02	1.085187e-05	1.991867e+01	4.812491e-02	
8.451366e+21	6.888516e-02	2.366489e-02	1.070940e-05	1.993614e+01	4.814362e-02	
8.608648e+21	6.888516e-02	2.339186e-02	1.056872e-05	1.995047e+01	4.816257e-02	
8.768856e+21	6.888516e-02	2.312166e-02	1.042979e-05	1.996790e+01	4.818185e-02	
8.932046e+21	6.888516e-02	2.285425e-02	1.029260e-05	1.998201e+01	4.820156e-02	
9.098273e+21	6.888516e-02	2.258962e-02	1.015713e-05	1.999899e+01	4.822161e-02	
9.267593e+21	6.888516e-02	2.232774e-02	1.002335e-05	2.001560e+01	4.824199e-02	
9.440065e+21	6.888516e-02	2.206859e-02	9.891257e-06	2.002902e+01	4.826270e-02	
9.615746e+21	6.888516e-02	2.181214e-02	9.760818e-06	2.004533e+01	4.828383e-02	
9.794697e+21	6.888516e-02	2.155837e-02	9.632017e-06	2.006134e+01	4.830529e-02	
9.976978e+21	6.888516e-02	2.130858e-02	9.504836e-06	2.007418e+01	4.832715e-02	
1.016265e+22	6.888516e-02	2.105878e-02	9.379255e-06	2.009006e+01	4.834936e-02	
1.035178e+22	6.888516e-02	2.081423e-02	9.255255e-06	2.010527e+01	4.837189e-02	
1.054443e+22	6.888516e-02	2.057095e-02	9.132819e-06	2.011756e+01	4.839493e-02	
1.074066e+22	6.888516e-02	2.032895e-02	9.011927e-06	2.013266e+01	4.841818e-02	
1.094055e+22	6.888516e-02	2.009206e-02	8.892561e-06	2.014737e+01	4.844183e-02	
1.114415e+22	6.888516e-02	1.985515e-02	8.774703e-06	2.015890e+01	4.846587e-02	
1.135155e+22	6.888516e-02	1.962201e-02	8.658336e-06	2.017347e+01	4.849033e-02	
1.156280e+22	6.888516e-02	1.939135e-02	8.543442e-06	2.018628e+01	4.851512e-02	
1.177799e+22	6.888516e-02	1.916438e-02	8.430003e-06	2.019839e+01	4.854025e-02	
1.199718e+22	6.888516e-02	1.893860e-02	8.318003e-06	2.021202e+01	4.856580e-02	
1.222045e+22	6.888516e-02	1.871401e-02	8.207423e-06	2.022272e+01	4.859175e-02	
1.244787e+22	6.888516e-02	1.849304e-02	8.098247e-06	2.023556e+01	4.861800e-02	
1.267953e+22	6.888516e-02	1.827444e-02	7.990459e-06	2.024617e+01	4.864464e-02	
1.291550e+22	6.888516e-02	1.805938e-02	7.884042e-06	2.025847e+01	4.867169e-02	
1.315586e+22	6.888516e-02	1.784427e-02	7.778979e-06	2.026878e+01	4.869910e-02	
1.340069e+22	6.888516e-02	1.763382e-02	7.675255e-06	2.028043e+01	4.872686e-02	
1.365008e+22	6.888516e-02	1.742331e-02	7.572853e-06	2.029012e+01	4.875492e-02	
1.390411e+22	6.888516e-02	1.721739e-02	7.471758e-06	2.029915e+01	4.878347e-02	
1.416287e+22	6.888516e-02	1.701140e-02	7.371953e-06	2.031090e+01	4.881237e-02	
1.442644e+22	6.888516e-02	1.680880e-02	7.273424e-06	2.032033e+01	4.884159e-02	
1.469492e+22	6.888516e-02	1.660951e-02	7.176155e-06	2.032967e+01	4.887129e-02	
1.496839e+22	6.888516e-02	1.641127e-02	7.080131e-06	2.033886e+01	4.890132e-02	
1.524696e+22	6.888516e-02	1.621409e-02	6.985337e-06	2.034782e+01	4.893167e-02	
1.553071e+22	6.888516e-02	1.602017e-02	6.891758e-06	2.035708e+01	4.896230e-02	
1.581973e+22	6.888516e-02	1.582945e-02	6.799380e-06	2.036504e+01	4.899346e-02	
1.611414e+22	6.888516e-02	1.563866e-02	6.708187e-06	2.035967e+01	4.902497e-02	
1.641403e+22	6.888516e-02	1.545210e-02	6.618166e-06	2.037254e+01	4.905690e-02	
1.671950e+22	6.888516e-02	1.526547e-02	6.529303e-06	2.038732e+01	4.908914e-02	
1.703065e+22	6.888516e-02	1.508300e-02	6.441583e-06	2.040321e+01	4.912175e-02	
1.734759e+22	6.888516e-02	1.490045e-02	6.354992e-06	2.041913e+01	4.915479e-02	
1.767044e+22	6.888516e-02	1.472199e-02	6.269517e-06	2.043365e+01	4.918809e-02	
1.799929e+22	6.888516e-02	1.454344e-02	6.185145e-06	2.044585e+01	4.922184e-02	
1.833425e+22	6.888516e-02	1.436891e-02	6.101862e-06	2.043714e+01	4.925587e-02	
1.867546e+22	6.888516e-02	1.419530e-02	6.019654e-06	2.044427e+01	4.929033e-02	
1.902301e+22	6.888516e-02	1.402262e-02	5.938508e-06	2.045148e+01	4.932509e-02	
1.937703e+22	6.888516e-02	1.385385e-02	5.858413e-06	2.046207e+01	4.936034e-02	
1.973764e+22	6.888516e-02	1.368498e-02	5.779353e-06	2.047063e+01	4.939590e-02	
2.010496e+22	6.888516e-02	1.351995e-02	5.701318e-06	2.047528e+01	4.943184e-02	
2.047912e+22	6.888516e-02	1.335483e-02	5.624295e-06	2.048797e+01	4.946815e-02	
2.086024e+22	6.888516e-02	1.319348e-02	5.548270e-06	2.049781e+01	4.950479e-02	
2.124845e+22	6.888516e-02	1.303203e-02	5.473233e-06	2.050417e+01	4.954182e-02	
2.164389e+22	6.888516e-02	1.287428e-02	5.399170e-06	2.051327e+01	4.957909e-02	
2.204669e+22	6.888516e-02	1.271642e-02	5.326070e-06	2.052122e+01	4.961692e-02	
2.245698e+22	6.888516e-02	1.256220e-02	5.253921e-06	2.052981e+01	4.965499e-02	
2.287491e+22	6.888516e-02	1.240880e-02	5.182711e-06	2.053834e+01	4.969348e-02	
2.330061e+22	6.888516e-02	1.225622e-02	5.112428e-06	2.054546e+01	4.973231e-02	
2.373424e+22	6.888516e-02	1.210626e-02	5.043062e-06	2.054753e+01	4.977145e-02	
2.417594e+22	6.888516e-02	1.195800e-02	4.974601e-06	2.055966e+01	4.981103e-02	
2.462586e+22	6.888516e-02	1.181231e-02	4.907033e-06	2.056770e+01	4.985092e-02	
2.508415e+22	6.888516e-02	1.166651e-02	4.840348e-06	2.057555e+01	4.989121e-02	
2.555097e+22	6.888516e-02	1.152324e-02	4.774535e-06	2.058318e+01	4.993177e-02	
2.602648e+22	6.888516e-02	1.138246e-02	4.709582e-06	2.058731e+01	4.997276e-02	
2.651084e+22	6.888516e-02	1.124158e-02	4.645480e-06	2.059473e+01	5.001401e-02	
2.700421e+22	6.888516e-02	1.110399e-02	4.582218e-06	2.060205e+01	5.005571e-02	
2.750676e+22	6.888516e-02	1.096630e-02	4.519784e-06	2.060911e+01	5.009774e-02	
2.801867e+22	6.888516e-02	1.083102e-02	4.458170e-06	2.061662e+01	5.014010e-02	
2.854010e+22	6.888516e-02	1.069728e-02	4.397364e-06	2.062708e+01	5.018294e-02	
2.907123e+22	6.888516e-02	1.056508e-02	4.337357e-06	2.063035e+01	5.022595e-02	
2.961225e+22	6.888516e-02	1.043440e-02	4.278138e-06	2.063310e+01	5.026935e-02	
3.016334e+22	6.888516e-02	1.030601e-02	4.219698e-06	2.063957e+01	5.031320e-02	
3.072469e+22	6.888516e-02	1.017752e-02	4.162028e-06	2.064587e+01	5.035736e-02	
3.129648e+22	6.888516e-02	1.005208e-02	4.105116e-06	2.065140e+01	5.040186e-02	
3.187891e+22	6.888516e-02	9.926529e-03	4.048955e-06	2.065569e+01	5.044653e-02	
3.247218e+22	6.888516e-02	9.803203e-03	3.993534e-06	2.065880e+01	5.049178e-02	
3.307650e+22	6.888516e-02	9.682067e-03	3.938844e-06	2.066435e+01	5.053726e-02	
3.369206e+22	6.888516e-02	9.560818e-03	3.884877e-06	2.067014e+01	5.058314e-02	
3.431907e+22	6.888516e-02	9.441728e-03	3.831622e-06	2.067602e+01	5.062934e-02	
3.495776e+22	6.888516e-02	9.324762e-03	3.779072e-06	2.068401e+01	5.067583e-02	
3.560833e+22	6.888516e-02	9.208417e-03	3.727216e-06	2.068927e+01	5.072278e-02	
3.627100e+22	6.888516e-02	9.092699e-03	3.676047e-06	2.069458e+01	5.076998e-02	
3.694601e+22	6.888516e-02	8.979775e-03	3.625556e-06	2.069997e+01	5.081756e-02	
3.763358e+22	6.888516e-02	8.866736e-03	3.575733e-06	2.070025e+01	5.086545e-02	
3.833395e+22	6.888516e-02	8.755730e-03	3.526572e-06	2.070599e+01	5.091371e-02	
3.904735e+22	6.888516e-02	8.646023e-03	3.478063e-06	2.071179e+01	5.096229e-02	
3.977403e+22	6.888516e-02	8.538292e-03	3.430198e-06	2.072078e+01	5.101113e-02	
4.051423e+22	6.888516e-02	8.430448e-03	3.382969e-06	2.072652e+01	5.106044e-02	
4.126821e+22	6.888516e-02	8.324553e-03	3.336368e-06	2.073237e+01	5.110999e-02	
4.203622e+22	6.888516e-02	8.220576e-03	3.290386e-06	2.073817e+01	5.115989e-02	
4.281852e+22	6.888516e-02	8.117151e-03	3.245017e-06	2.074394e+01	5.121013e-02	
4.361538e+22	6.888516e-02	8.014285e-03	3.200252e-06	2.074939e+01	5.126075e-02	
4.442707e+22	6.888516e-02	7.913289e-03	3.156084e-06	2.075259e+01	5.131169e-02	
4.525386e+22	6.888516e-02	7.813486e-03	3.112505e-06	2.075833e+01	5.136283e-02	
4.609604e+22	6.888516e-02	7.715504e-03	3.069507e-06	2.076401e+01	5.141448e-02	
4.695390e+22	6.888516e-02	7.618041e-03	3.027083e-06	2.076593e+01	5.146634e-02	
4.782772e+22	6.888516e-02	7.521105e-03	2.985226e-06	2.077131e+01	5.151855e-02	
4.871780e+22	6.888516e-02	7.426567e-03	2.943929e-06	2.077704e+01	5.157114e-02	
4.962445e+22	6.888516e-02	7.332531e-03	2.903184e-06	2.078283e+01	5.162403e-02	
5.054797e+22	6.888516e-02	7.239613e-03	2.862984e-06	2.078864e+01	5.167723e-02	
5.148867e+22	6.888516e-02	7.147197e-03	2.823323e-06	2.079453e+01	5.173069e-02	
5.244689e+22	6.888516e-02	7.056484e-03	2.784192e-06	2.080048e+01	5.178457e-02	
5.342293e+22	6.888516e-02	6.966853e-03	2.745587e-06	2.080652e+01	5.183879e-02	
5.441714e+22	6.888516e-02	6.878291e-03	2.707500e-06	2.081263e+01	5.189324e-02	
5.542986e+22	6.888516e-02	6.790789e-03	2.669923e-06	2.081880e+01	5.194810e-02	
5.646141e+22	6.888516e-02	6.704333e-03	2.632852e-06	2.082501e+01	5.200323e-02	
5.751217e+22	6.888516e-02	6.618913e-03	2.596278e-06	2.083128e+01	5.205871e-02	
5.858248e+22	6.888516e-02	6.534517e-03	2.560196e-06	2.083762e+01	5.211446e-02	
5.967271e+22	6.888516e-02	6.451690e-03	2.524600e-06	2.084101e+01	5.217053e-02	
6.078323e+22	6.888516e-02	6.368752e-03	2.489483e-06	2.084751e+01	5.222696e-02	
6.191442e+22	6.888516e-02	6.287362e-03	2.454839e-06	2.085408e+01	5.228369e-02	
6.306666e+22	6.888516e-02	6.206951e-03	2.420662e-06	2.086065e+01	5.234078e-02	
6.424034e+22	6.888516e-02	6.127510e-03	2.386945e-06	2.086730e+01	5.239813e-02	
6.543586e+22	6.888516e-02	6.049557e-03	2.353684e-06	2.087395e+01	5.245577e-02	
6.665363e+22	6.888516e-02	5.972017e-03	2.320871e-06	2.088066e+01	5.251383e-02	
6.789407e+22	6.888516e-02	5.894896e-03	2.288502e-06	2.088745e+01	5.257205e-02	
6.915759e+22	6.888516e-02	5.819225e-03	2.256570e-06	2.089427e+01	5.263069e-02	
7.044462e+22	6.888516e-02	5.744980e-03	2.225070e-06	2.090112e+01	5.268962e-02	
7.175561e+22	6.888516e-02	5.671128e-03	2.193996e-06	2.090802e+01	5.274886e-02	
7.309099e+22	6.888516e-02	5.598172e-03	2.163343e-06	2.091501e+01	5.280840e-02	
7.445123e+22	6.888516e-02	5.526103e-03	2.133105e-06	2.092093e+01	5.286837e-02	
7.583678e+22	6.888516e-02	5.454910e-03	2.103277e-06	2.092705e+01	5.292843e-02	
7.724811e+22	6.888516e-02	5.384585e-03	2.073853e-06	2.093430e+01	5.298895e-02	
7.868572e+22	6.888516e-02	5.315116e-03	2.044828e-06	2.094164e+01	5.304968e-02	
8.015007e+22	6.888516e-02	5.246495e-03	2.016198e-06	2.094908e+01	5.311079e-02	
8.164168e+22	6.888516e-02	5.178712e-03	1.987956e-06	2.095657e+01	5.317217e-02	
8.316104e+22	6.888516e-02	5.111758e-03	1.960098e-06	2.096417e+01	5.323387e-02	
8.470868e+22	6.888516e-02	5.045623e-03	1.932618e-06	2.097184e+01	5.329589e-02	
8.628513e+22	6.888516e-02	4.980298e-03	1.905513e-06	2.097960e+01	5.335818e-02	
8.789091e+22	6.888516e-02	4.915773e-03	1.878776e-06	2.098743e+01	5.342078e-02	
8.952657e+22	6.888516e-02	4.852041e-03	1.852404e-06	2.099538e+01	5.348368e-02	
9.119268e+22	6.888516e-02	4.789091e-03	1.826390e-06	2.100339e+01	5.354691e-02	
9.288979e+22	6.888516e-02	4.726915e-03	1.800732e-06	2.101150e+01	5.361053e-02	
9.461848e+22	6.888516e-02	4.665504e-03	1.775423e-06	2.101819e+01	5.367432e-02	
9.637935e+22	6.888516e-02	4.604850e-03	1.750460e-06	2.102654e+01	5.373842e-02	
9.817298e+22	6.888516e-02	4.544943e-03	1.725837e-06	2.103499e+01	5.380279e-02	
1.000000e+23	6.888516e-02	4.485776e-03	1.701551e-06	2.104353e+01	5.386748e-02	
